##FastQC	0.10.1
>>Basic Statistics	pass
#Measure	Value	
Filename	GSM794484_C1_R2_1.fq.gz	
File type	Conventional base calls	
Encoding	Illumina 1.5	
Total Sequences	11607291	
Filtered Sequences	0	
Sequence length	75	
%GC	51	
>>END_MODULE
>>Per base sequence quality	fail
#Base	Mean	Median	Lower Quartile	Upper Quartile	10th Percentile	90th Percentile
1	9.0	9.0	9.0	9.0	9.0	9.0
2	9.0	9.0	9.0	9.0	9.0	9.0
3	9.0	9.0	9.0	9.0	9.0	9.0
4	9.0	9.0	9.0	9.0	9.0	9.0
5	9.0	9.0	9.0	9.0	9.0	9.0
6	9.0	9.0	9.0	9.0	9.0	9.0
7	9.0	9.0	9.0	9.0	9.0	9.0
8	9.0	9.0	9.0	9.0	9.0	9.0
9	9.0	9.0	9.0	9.0	9.0	9.0
10	9.0	9.0	9.0	9.0	9.0	9.0
11	9.0	9.0	9.0	9.0	9.0	9.0
12	9.0	9.0	9.0	9.0	9.0	9.0
13	9.0	9.0	9.0	9.0	9.0	9.0
14	9.0	9.0	9.0	9.0	9.0	9.0
15	9.0	9.0	9.0	9.0	9.0	9.0
16	9.0	9.0	9.0	9.0	9.0	9.0
17	9.0	9.0	9.0	9.0	9.0	9.0
18	9.0	9.0	9.0	9.0	9.0	9.0
19	9.0	9.0	9.0	9.0	9.0	9.0
20	9.0	9.0	9.0	9.0	9.0	9.0
21	9.0	9.0	9.0	9.0	9.0	9.0
22	9.0	9.0	9.0	9.0	9.0	9.0
23	9.0	9.0	9.0	9.0	9.0	9.0
24	9.0	9.0	9.0	9.0	9.0	9.0
25	9.0	9.0	9.0	9.0	9.0	9.0
26	9.0	9.0	9.0	9.0	9.0	9.0
27	9.0	9.0	9.0	9.0	9.0	9.0
28	9.0	9.0	9.0	9.0	9.0	9.0
29	9.0	9.0	9.0	9.0	9.0	9.0
30	9.0	9.0	9.0	9.0	9.0	9.0
31	9.0	9.0	9.0	9.0	9.0	9.0
32	9.0	9.0	9.0	9.0	9.0	9.0
33	9.0	9.0	9.0	9.0	9.0	9.0
34	9.0	9.0	9.0	9.0	9.0	9.0
35	9.0	9.0	9.0	9.0	9.0	9.0
36	9.0	9.0	9.0	9.0	9.0	9.0
37	9.0	9.0	9.0	9.0	9.0	9.0
38	9.0	9.0	9.0	9.0	9.0	9.0
39	9.0	9.0	9.0	9.0	9.0	9.0
40	9.0	9.0	9.0	9.0	9.0	9.0
41	9.0	9.0	9.0	9.0	9.0	9.0
42	9.0	9.0	9.0	9.0	9.0	9.0
43	9.0	9.0	9.0	9.0	9.0	9.0
44	9.0	9.0	9.0	9.0	9.0	9.0
45	9.0	9.0	9.0	9.0	9.0	9.0
46	9.0	9.0	9.0	9.0	9.0	9.0
47	9.0	9.0	9.0	9.0	9.0	9.0
48	9.0	9.0	9.0	9.0	9.0	9.0
49	9.0	9.0	9.0	9.0	9.0	9.0
50	9.0	9.0	9.0	9.0	9.0	9.0
51	9.0	9.0	9.0	9.0	9.0	9.0
52	9.0	9.0	9.0	9.0	9.0	9.0
53	9.0	9.0	9.0	9.0	9.0	9.0
54	9.0	9.0	9.0	9.0	9.0	9.0
55	9.0	9.0	9.0	9.0	9.0	9.0
56	9.0	9.0	9.0	9.0	9.0	9.0
57	9.0	9.0	9.0	9.0	9.0	9.0
58	9.0	9.0	9.0	9.0	9.0	9.0
59	9.0	9.0	9.0	9.0	9.0	9.0
60	9.0	9.0	9.0	9.0	9.0	9.0
61	9.0	9.0	9.0	9.0	9.0	9.0
62	9.0	9.0	9.0	9.0	9.0	9.0
63	9.0	9.0	9.0	9.0	9.0	9.0
64	9.0	9.0	9.0	9.0	9.0	9.0
65	9.0	9.0	9.0	9.0	9.0	9.0
66	9.0	9.0	9.0	9.0	9.0	9.0
67	9.0	9.0	9.0	9.0	9.0	9.0
68	9.0	9.0	9.0	9.0	9.0	9.0
69	9.0	9.0	9.0	9.0	9.0	9.0
70	9.0	9.0	9.0	9.0	9.0	9.0
71	9.0	9.0	9.0	9.0	9.0	9.0
72	9.0	9.0	9.0	9.0	9.0	9.0
73	9.0	9.0	9.0	9.0	9.0	9.0
74	9.0	9.0	9.0	9.0	9.0	9.0
75	9.0	9.0	9.0	9.0	9.0	9.0
>>END_MODULE
>>Per sequence quality scores	fail
#Quality	Count
9	1.1607291E7
>>END_MODULE
>>Per base sequence content	pass
#Base	G	A	T	C
1	25.973140502809827	24.056026509544733	23.991704868948318	25.97912811869712
2	25.870455044161467	23.736175822592887	24.38561245686009	26.007756676385558
3	25.824440862213244	23.774531025370173	24.513264981467252	25.88776313094933
4	25.726028579795233	23.879913064986482	24.599090347609966	25.794968007608322
5	25.79543323243985	23.615785974522392	24.623402652694757	25.965378140343
6	25.792771112570538	23.59910680278456	24.753424377832864	25.854697706812036
7	25.759955531398326	23.725682418059478	24.535156394373157	25.97920565616904
8	25.780313425415113	23.80906104619932	24.362101372318484	26.048524156067078
9	25.867060625946227	23.924591879362723	24.364522264497378	25.84382523019368
10	25.834141661478117	23.912297882425797	24.113524852612034	26.14003560348405
11	25.90084111788013	23.741448370683564	24.260354978607843	26.09735553282846
12	26.02183403517668	23.939599687816905	24.196722559984067	25.841843717022346
13	25.972787276548853	23.729016529352112	24.401740251019813	25.89645594307923
14	25.85672229635666	23.822526720489734	24.37498982320681	25.945761159946795
15	25.86233945543366	23.774108876911935	24.471420592453484	25.892131075200925
16	25.802532218758024	23.816487412954494	24.336109088675386	26.044871279612096
17	25.884222253064905	23.71747206131043	24.36903666841815	26.029269017206513
18	25.882145971872333	23.92294636190305	24.364849644934377	25.830058021290235
19	25.86951597922375	23.796336285529502	24.578112153817802	25.75603558142895
20	25.83539949157818	23.827273736826278	24.381640815242765	25.95568595635278
21	25.854714937361358	23.780277413567042	24.336014320654147	26.02899332841746
22	25.847796871811003	23.67520552383842	24.399939658616297	26.07705794573428
23	25.862365301257633	23.774315643503726	24.336307239992518	26.027011815246127
24	25.95964036742079	23.884255163414096	24.28290976766241	25.8731947015027
25	25.903253394784365	23.871185791757956	24.241409989634963	25.984150823822716
26	25.949801723761386	23.81973537150055	24.342725619612708	25.887737285125358
27	26.033111429703972	23.730860198128916	24.252515078669088	25.983513293498028
28	25.973631573465333	23.847097483814267	24.035970150140976	26.14330079257942
29	26.004439795642238	23.874985127882123	24.187736828515803	25.93283824795984
30	26.017664242242226	23.72447627960736	24.23693004681282	26.020929431337596
31	26.0867501297245	23.692349920407786	24.181714751529878	26.03918519833784
32	25.96645504967524	23.81940799106355	24.276344928373035	25.937792030888176
33	26.10130994389647	23.900589724165613	24.0316194364387	25.966480895499217
34	26.02374662615075	23.9744484738084	24.117048499947146	25.8847564000937
35	25.920208255311252	23.916433214261623	24.208189490553824	25.9551690398733
36	25.907207805852373	24.002775496883814	24.10769231166859	25.98232438559523
37	26.14769458265499	23.68716352506369	24.176580047833728	25.9885618444476
38	25.966661816267035	24.039149186489766	23.96610027266483	26.028088724578367
39	25.99560052384316	23.99454790958545	24.03908887956716	25.97076268700423
40	26.045603577958026	23.918897182813804	24.12318257550362	25.91231666372455
41	26.042510694355812	23.851784193228205	23.931337639419915	26.174367472996067
42	26.02552998800495	24.012019686591817	24.046834011484677	25.915616313918555
43	26.03957288569745	23.979798559371	23.978678573665466	26.001949981266087
44	25.943538419085037	24.04049316933641	23.98027239947719	26.03569601210136
45	25.938110796050516	24.10368620895263	23.95981112216451	25.998391872832343
46	25.957994849961114	24.071568465027717	23.97852349872162	25.99191318628955
47	26.116515903667793	24.011640614506867	24.062772269601926	25.809071212223422
48	25.88725482974451	24.05052134903829	24.061247365987466	26.000976455229736
49	25.95741762655903	23.894748567947506	23.908981001682477	26.238852803810985
50	25.896283637586066	23.9350508227975	23.9934710002532	26.175194539363233
51	26.13112740948771	24.01072739539312	23.895437789920145	25.962707405199026
52	26.112406417655937	23.909928681894854	23.9554259473636	26.02223895308561
53	25.981721316369168	23.906947796863196	23.96775440539916	26.14357648136848
54	26.01850853915871	24.113223317999005	23.91929348544807	25.94897465739422
55	26.080512670872125	24.05171025694109	23.782672459921958	26.085104612264825
56	26.025176761743978	23.98849998677555	23.906990873236484	26.079332378243986
57	26.132428315961064	24.10347944236084	23.830254621857936	25.93383761982016
58	25.905648441139277	24.028569629209777	23.96710825979981	26.09867366985113
59	26.00132968149071	24.037460592656807	23.834450260616364	26.126759465236116
60	25.912308048449894	23.9160282963527	23.87864661961176	26.293017035585653
61	26.21784014892019	24.094243867927496	23.80716568577457	25.88075029737774
62	25.96336216607303	24.038873497700713	23.82997031779422	26.167794018432033
63	25.99317101638961	24.059756923471635	23.92957150811503	26.017500552023726
64	25.99075012421072	24.058817858533914	23.87881892510492	26.071613092150443
65	26.112742413367595	24.03870980748221	23.774186414383855	26.074361364766336
66	26.08712058653479	23.978342577953804	23.88948463513149	26.045052200379914
67	26.150942541201044	24.035806459922473	23.776624537112063	26.036626461764424
68	26.102938230806828	23.973750636561107	23.872667618999127	26.050643513632938
69	26.131058487290442	23.97060606131095	23.846037805031337	26.052297646367272
70	26.172894261029555	23.928753057022522	23.890690773583604	26.00766190836432
71	26.158498137076087	24.10292806478273	23.745394166476917	25.99317963166427
72	26.099199201605266	24.05260624550552	23.833812730291676	26.01438182259754
73	26.237370976569814	23.91903502720833	23.69970736496569	26.143886631256162
74	26.24014509500968	24.116255894678613	23.621222212831572	26.022376797480135
75	26.1736437899248	24.044792191390737	23.690480405807005	26.09108361287746
>>END_MODULE
>>Per base GC content	pass
#Base	%GC
1	51.952268621506946
2	51.87821172054703
3	51.712203993162575
4	51.52099658740356
5	51.76081137278285
6	51.64746881938258
7	51.73916118756736
8	51.82883758148219
9	51.710885856139896
10	51.97417726496217
11	51.99819665070859
12	51.863677752199024
13	51.86924321962808
14	51.80248345630346
15	51.75447053063458
16	51.84740349837011
17	51.913491270271415
18	51.712203993162575
19	51.625551560652696
20	51.79108544793096
21	51.883708265778814
22	51.92485481754529
23	51.88937711650375
24	51.83283506892349
25	51.88740421860708
26	51.83753900888674
27	52.016624723202
28	52.11693236604476
29	51.93727804360208
30	52.038593673579825
31	52.12593532806233
32	51.904247080563415
33	52.06779083939569
34	51.90850302624446
35	51.875377295184556
36	51.88953219144759
37	52.13625642710259
38	51.9947505408454
39	51.96636321084739
40	51.95792024168257
41	52.21687816735189
42	51.9411463019235
43	52.04152286696353
44	51.97923443118639
45	51.93650266888285
46	51.94990803625066
47	51.92558711589121
48	51.88823128497425
49	52.19627043037002
50	52.071478176949306
51	52.09383481468674
52	52.13464537074155
53	52.125297797737645
54	51.96748319655292
55	52.16561728313695
56	52.10450913998797
57	52.06626593578123
58	52.00432211099041
59	52.12808914672683
60	52.20532508403555
61	52.09859044629793
62	52.131156184505066
63	52.010671568413336
64	52.06236321636116
65	52.18710377813394
66	52.13217278691471
67	52.18756900296546
68	52.15358174443977
69	52.183356133657725
70	52.180556169393874
71	52.151677768740356
72	52.1135810242028
73	52.38125760782598
74	52.26252189248981
75	52.26472740280226
>>END_MODULE
>>Per sequence GC content	fail
#GC Content	Count
0	8.0
1	13.5
2	11.5
3	14.5
4	25.0
5	41.5
6	91.5
7	155.5
8	186.0
9	246.0
10	501.0
11	938.0
12	1180.0
13	1493.5
14	3756.5
15	5759.5
16	5813.0
17	7197.5
18	10602.0
19	16141.0
20	19660.0
21	23061.5
22	34345.0
23	47566.5
24	52906.0
25	54537.5
26	62689.5
27	82325.5
28	95441.0
29	97601.5
30	107968.0
31	122580.0
32	128986.0
33	128727.0
34	133623.0
35	143618.5
36	148459.0
37	155990.0
38	169999.5
39	185195.0
40	193912.0
41	207074.5
42	231482.5
43	262309.0
44	281890.0
45	302404.5
46	348510.0
47	400030.5
48	425960.0
49	451011.5
50	508901.0
51	571845.0
52	601951.0
53	628762.5
54	683787.5
55	722689.5
56	733378.0
57	734884.5
58	721822.0
59	678492.5
60	649732.0
61	609170.5
62	517533.5
63	417961.0
64	369464.0
65	329585.5
66	242903.5
67	164014.0
68	131928.0
69	109140.5
70	70211.0
71	42102.0
72	30135.0
73	22992.0
74	12436.0
75	7586.5
76	6150.0
77	5050.0
78	3280.0
79	1751.5
80	893.0
81	562.5
82	152.5
83	44.5
84	16.0
85	9.5
86	2.0
87	0.5
88	0.0
89	0.0
90	0.0
91	0.0
92	0.0
93	0.0
94	0.0
95	0.0
96	0.0
97	0.0
98	0.0
99	0.0
100	0.0
>>END_MODULE
>>Per base N content	pass
#Base	N-Count
1	0.0
2	0.0
3	0.0
4	0.0
5	0.0
6	0.0
7	0.0
8	0.0
9	0.0
10	0.0
11	0.0
12	0.0
13	0.0
14	0.0
15	0.0
16	0.0
17	0.0
18	0.0
19	0.0
20	0.0
21	0.0
22	0.0
23	0.0
24	0.0
25	0.0
26	0.0
27	0.0
28	0.0
29	0.0
30	0.0
31	0.0
32	0.0
33	0.0
34	0.0
35	0.0
36	0.0
37	0.0
38	0.0
39	0.0
40	0.0
41	0.0
42	0.0
43	0.0
44	0.0
45	0.0
46	0.0
47	0.0
48	0.0
49	0.0
50	0.0
51	0.0
52	0.0
53	0.0
54	0.0
55	0.0
56	0.0
57	0.0
58	0.0
59	0.0
60	0.0
61	0.0
62	0.0
63	0.0
64	0.0
65	0.0
66	0.0
67	0.0
68	0.0
69	0.0
70	0.0
71	0.0
72	0.0
73	0.0
74	0.0
75	0.0
>>END_MODULE
>>Sequence Length Distribution	pass
#Length	Count
75	1.1607291E7
>>END_MODULE
>>Sequence Duplication Levels	fail
#Total Duplicate Percentage	50.34405778493244
#Duplication Level	Relative count
1	100.0
2	19.56510440352906
3	5.806187549538078
4	2.0861215420797548
5	0.7978066813061161
6	0.28845779030937746
7	0.11174490975948857
8	0.04222918101376021
9	0.032483985395200164
10++	1.2058055378698302
>>END_MODULE
>>Overrepresented sequences	pass
>>END_MODULE
>>Kmer Content	pass
>>END_MODULE
