##FastQC	0.10.1
>>Basic Statistics	pass
#Measure	Value	
Filename	GSM794486_C2_R1_1.fq.gz	
File type	Conventional base calls	
Encoding	Illumina 1.5	
Total Sequences	11607325	
Filtered Sequences	0	
Sequence length	75	
%GC	51	
>>END_MODULE
>>Per base sequence quality	fail
#Base	Mean	Median	Lower Quartile	Upper Quartile	10th Percentile	90th Percentile
1	9.0	9.0	9.0	9.0	9.0	9.0
2	9.0	9.0	9.0	9.0	9.0	9.0
3	9.0	9.0	9.0	9.0	9.0	9.0
4	9.0	9.0	9.0	9.0	9.0	9.0
5	9.0	9.0	9.0	9.0	9.0	9.0
6	9.0	9.0	9.0	9.0	9.0	9.0
7	9.0	9.0	9.0	9.0	9.0	9.0
8	9.0	9.0	9.0	9.0	9.0	9.0
9	9.0	9.0	9.0	9.0	9.0	9.0
10	9.0	9.0	9.0	9.0	9.0	9.0
11	9.0	9.0	9.0	9.0	9.0	9.0
12	9.0	9.0	9.0	9.0	9.0	9.0
13	9.0	9.0	9.0	9.0	9.0	9.0
14	9.0	9.0	9.0	9.0	9.0	9.0
15	9.0	9.0	9.0	9.0	9.0	9.0
16	9.0	9.0	9.0	9.0	9.0	9.0
17	9.0	9.0	9.0	9.0	9.0	9.0
18	9.0	9.0	9.0	9.0	9.0	9.0
19	9.0	9.0	9.0	9.0	9.0	9.0
20	9.0	9.0	9.0	9.0	9.0	9.0
21	9.0	9.0	9.0	9.0	9.0	9.0
22	9.0	9.0	9.0	9.0	9.0	9.0
23	9.0	9.0	9.0	9.0	9.0	9.0
24	9.0	9.0	9.0	9.0	9.0	9.0
25	9.0	9.0	9.0	9.0	9.0	9.0
26	9.0	9.0	9.0	9.0	9.0	9.0
27	9.0	9.0	9.0	9.0	9.0	9.0
28	9.0	9.0	9.0	9.0	9.0	9.0
29	9.0	9.0	9.0	9.0	9.0	9.0
30	9.0	9.0	9.0	9.0	9.0	9.0
31	9.0	9.0	9.0	9.0	9.0	9.0
32	9.0	9.0	9.0	9.0	9.0	9.0
33	9.0	9.0	9.0	9.0	9.0	9.0
34	9.0	9.0	9.0	9.0	9.0	9.0
35	9.0	9.0	9.0	9.0	9.0	9.0
36	9.0	9.0	9.0	9.0	9.0	9.0
37	9.0	9.0	9.0	9.0	9.0	9.0
38	9.0	9.0	9.0	9.0	9.0	9.0
39	9.0	9.0	9.0	9.0	9.0	9.0
40	9.0	9.0	9.0	9.0	9.0	9.0
41	9.0	9.0	9.0	9.0	9.0	9.0
42	9.0	9.0	9.0	9.0	9.0	9.0
43	9.0	9.0	9.0	9.0	9.0	9.0
44	9.0	9.0	9.0	9.0	9.0	9.0
45	9.0	9.0	9.0	9.0	9.0	9.0
46	9.0	9.0	9.0	9.0	9.0	9.0
47	9.0	9.0	9.0	9.0	9.0	9.0
48	9.0	9.0	9.0	9.0	9.0	9.0
49	9.0	9.0	9.0	9.0	9.0	9.0
50	9.0	9.0	9.0	9.0	9.0	9.0
51	9.0	9.0	9.0	9.0	9.0	9.0
52	9.0	9.0	9.0	9.0	9.0	9.0
53	9.0	9.0	9.0	9.0	9.0	9.0
54	9.0	9.0	9.0	9.0	9.0	9.0
55	9.0	9.0	9.0	9.0	9.0	9.0
56	9.0	9.0	9.0	9.0	9.0	9.0
57	9.0	9.0	9.0	9.0	9.0	9.0
58	9.0	9.0	9.0	9.0	9.0	9.0
59	9.0	9.0	9.0	9.0	9.0	9.0
60	9.0	9.0	9.0	9.0	9.0	9.0
61	9.0	9.0	9.0	9.0	9.0	9.0
62	9.0	9.0	9.0	9.0	9.0	9.0
63	9.0	9.0	9.0	9.0	9.0	9.0
64	9.0	9.0	9.0	9.0	9.0	9.0
65	9.0	9.0	9.0	9.0	9.0	9.0
66	9.0	9.0	9.0	9.0	9.0	9.0
67	9.0	9.0	9.0	9.0	9.0	9.0
68	9.0	9.0	9.0	9.0	9.0	9.0
69	9.0	9.0	9.0	9.0	9.0	9.0
70	9.0	9.0	9.0	9.0	9.0	9.0
71	9.0	9.0	9.0	9.0	9.0	9.0
72	9.0	9.0	9.0	9.0	9.0	9.0
73	9.0	9.0	9.0	9.0	9.0	9.0
74	9.0	9.0	9.0	9.0	9.0	9.0
75	9.0	9.0	9.0	9.0	9.0	9.0
>>END_MODULE
>>Per sequence quality scores	fail
#Quality	Count
9	1.1607325E7
>>END_MODULE
>>Per base sequence content	pass
#Base	G	A	T	C
1	25.95581669333804	24.074530522751797	24.007788185477704	25.961864598432456
2	25.852390624024054	23.757325654274347	24.398308826538415	25.99197489516318
3	25.785191678530584	23.789917142838682	24.54995444686868	25.874936731762055
4	25.747999646774772	23.888320521739505	24.62980919376342	25.7338706377223
5	25.77483614872505	23.6465163162055	24.63708046427579	25.94156707079366
6	25.773638629055363	23.634248201028228	24.77495891602932	25.817154253887093
7	25.72859810507589	23.737769038085865	24.555175288018557	25.978457568819692
8	25.759811153732663	23.81984651933154	24.425119482740424	25.99522284419537
9	25.825588583071468	23.9733099572899	24.402168458279576	25.798933001359053
10	25.783649548884004	23.908462974888703	24.17674184189725	26.131145634330043
11	25.862315391358475	23.769275005222994	24.316687953512115	26.05172164990642
12	25.954808709155643	23.987826652566373	24.20574938670193	25.851615251576053
13	25.92845466117301	23.773703243426027	24.42897911448159	25.868862980919378
14	25.78356339638978	23.848828218387958	24.414600263195872	25.953008122026393
15	25.83708132580073	23.810473127960147	24.48484039173539	25.86760515450373
16	25.754323239850695	23.85029281078974	24.379958345269042	26.01542560409052
17	25.84230216695061	23.757868414987946	24.386764392312614	26.013065025748826
18	25.854630588873835	23.94153691742068	24.358041150738867	25.845791342966617
19	25.81194202798664	23.81533212863429	24.624881271093898	25.74784457228517
20	25.809357453159965	23.82613565140978	24.445537623871132	25.91896927155912
21	25.80184495566377	23.81441891219553	24.398170982547658	25.985565149593036
22	25.845860264961996	23.729731010374913	24.398162367298237	26.02624635736485
23	25.8207209671479	23.783653856508714	24.39668054439761	25.998944631945776
24	25.934235493535336	23.9295358749755	24.32413152901293	25.81209710247624
25	25.880123111914244	23.867936841606486	24.316903334747668	25.935036711731602
26	25.89729330401277	23.86232831423261	24.36482996728359	25.875548414471034
27	25.99719573631306	23.751286364429358	24.318264544156385	25.9332533551012
28	25.979629242741115	23.898736358290993	23.998776634582043	26.122857764385856
29	26.040151369932346	23.906214394789497	24.16077778471784	25.892856450560313
30	25.999694158645507	23.743885865175653	24.208583803761847	26.04783617241699
31	26.010454605173887	23.738113648062754	24.24474200558699	26.00668974117637
32	25.952025983592257	23.874932424137345	24.27231941898758	25.90072217328282
33	26.023101791325736	23.941666146162014	24.0604704356947	25.97476162681755
34	26.01912154609266	23.97819480371231	24.12550695358319	25.877176696611837
35	25.918753890323565	23.954132412075996	24.204103874062284	25.923009823538152
36	25.898525284680147	24.048262627263387	24.1127649996877	25.940447088368767
37	26.100759649617807	23.726922439063262	24.21117699383794	25.961140917480986
38	25.91634162048534	24.04754756156134	24.011329052990245	26.024781764963073
39	25.961924905178414	23.99066106962629	24.10651032860715	25.940903696588148
40	26.041572886087017	23.95719082562089	24.13027980176311	25.87095648652898
41	26.045303289086846	23.870168191206844	23.96726205219549	26.11726646751082
42	25.97299550068599	24.056679725948914	24.05012352113859	25.920201252226505
43	25.977087744161555	24.066035886821467	23.98735281384815	25.969523555168827
44	25.90994049016462	24.043360550342133	24.05045090061664	25.996248058876613
45	25.932202294671686	24.092364089055835	23.990488764637846	25.984944851634634
46	25.963751338055925	24.123137759992076	23.997217274436615	25.915893627515384
47	26.095099430747393	24.013810244823848	24.047056492344275	25.844033832084477
48	25.908811892490302	24.09693878649904	24.025992207506896	25.968257113503757
49	25.924896563161624	23.92518517401727	23.979237248892403	26.170681013928704
50	25.87677177988899	23.996932971205684	24.00122336541796	26.125071883487365
51	26.09434128879824	24.049218919949254	23.937987434658716	25.91845235659379
52	26.067410019104315	23.96126583859761	23.9658319207914	26.005492221506678
53	25.982661810537742	23.911021703967105	24.00752972799504	26.098786757500115
54	26.020327681011775	24.109060442436135	23.93182753132182	25.938784345230275
55	26.020413833505994	24.064967595893112	23.85919236344291	26.05542620715798
56	26.015356682095142	23.978341262952487	23.937815129670273	26.068486925282098
57	26.09811476804518	24.152688065510354	23.850310041288584	25.898887125155884
58	25.91205984152249	24.052587482473353	23.986990973372418	26.048361702631745
59	25.97813018934164	24.06230548382164	23.853825063052856	26.10573926378386
60	25.891667546140045	23.94729190403474	23.957690510087378	26.20335003973784
61	26.156362469388945	24.107285701055154	23.835422890286953	25.90092893926895
62	25.959831399568806	24.03423700120398	23.85668532586104	26.149246273366174
63	25.98665067102024	24.063149778265018	23.962437512519035	25.98776203819571
64	25.965551925185178	24.06790539594609	23.93946925755934	26.02707342130939
65	26.087681700994846	24.051062583325617	23.806846107953383	26.054409607726154
66	26.053212088056465	23.979168326897025	23.945060554434377	26.022559030612136
67	26.119377203619266	24.060668586431415	23.76174527722796	26.058208932721367
68	26.111563172393293	23.970087854005982	23.92900172951132	25.9893472440894
69	26.085932805362134	24.013896397318074	23.83892068155238	26.061250115767415
70	26.19345973340111	23.976790518056486	23.88067879550198	25.949070953040433
71	26.180002713803567	24.062443327812392	23.769516232206815	25.98803772617722
72	26.06921060623356	24.05358685140633	23.869272205266935	26.00793033709317
73	26.166881688933497	23.985276538737395	23.761581587488934	26.086260184840178
74	26.18878165296483	24.170840396043015	23.634360199270716	26.006017751721433
75	26.117886765469216	24.074573598998906	23.71024331618181	26.097296319350065
>>END_MODULE
>>Per base GC content	pass
#Base	%GC
1	51.9176812917705
2	51.84436551918724
3	51.660128410292636
4	51.48187028449708
5	51.71640321951871
6	51.59079288294245
7	51.707055673895574
8	51.75503399792804
9	51.62452158443052
10	51.914795183214046
11	51.91403704126489
12	51.80642396073169
13	51.79731764209239
14	51.73657151841618
15	51.70468648030446
16	51.76974884394122
17	51.85536719269944
18	51.70042193184046
19	51.559786600271806
20	51.72832672471909
21	51.78741010525682
22	51.872106622326854
23	51.81966559909368
24	51.74633259601157
25	51.81515982364584
26	51.7728417184838
27	51.93044909141425
28	52.10248700712696
29	51.93300782049266
30	52.0475303310625
31	52.01714434635025
32	51.85274815687507
33	51.99786341814329
34	51.896298242704496
35	51.841763713861724
36	51.83897237304892
37	52.061900567098796
38	51.94112338544842
39	51.90282860176656
40	51.912529372616
41	52.16256975659766
42	51.893196752912495
43	51.94661129933038
44	51.90618854904123
45	51.91714714630632
46	51.879644965571316
47	51.939133262831874
48	51.87706900599406
49	52.095577577090324
50	52.001843663376356
51	52.01279364539203
52	52.07290224061099
53	52.08144856803786
54	51.959112026242046
55	52.07584004066398
56	52.08384360737723
57	51.99700189320106
58	51.96042154415424
59	52.08386945312551
60	52.095017585877876
61	52.05729140865789
62	52.10907767293498
63	51.97441270921595
64	51.992625346494556
65	52.14209130872101
66	52.0757711186686
67	52.17758613634062
68	52.10091041648269
69	52.14718292112954
70	52.14253068644153
71	52.16804043998079
72	52.07714094332674
73	52.25314187377368
74	52.194799404686265
75	52.21518308481928
>>END_MODULE
>>Per sequence GC content	fail
#GC Content	Count
0	13.0
1	21.0
2	16.5
3	15.5
4	27.0
5	43.5
6	91.0
7	184.0
8	246.0
9	270.5
10	500.0
11	944.5
12	1184.0
13	1529.0
14	3773.5
15	5801.5
16	5930.0
17	7415.0
18	11066.0
19	16875.0
20	20518.0
21	23819.0
22	34721.5
23	48051.5
24	53780.0
25	55520.0
26	64242.5
27	83164.0
28	95103.0
29	97442.5
30	107988.0
31	122373.0
32	128552.0
33	128232.5
34	134972.0
35	145971.5
36	149912.0
37	158120.5
38	171683.5
39	184838.0
40	192638.0
41	206838.0
42	231847.0
43	262190.5
44	281725.0
45	303338.0
46	349832.5
47	400998.0
48	427282.0
49	453448.0
50	511289.0
51	572680.5
52	602397.0
53	630010.0
54	684942.0
55	722875.0
56	733489.0
57	734627.0
58	720297.5
59	674749.5
60	644669.0
61	605941.5
62	516450.0
63	416324.0
64	366962.0
65	326403.5
66	240102.5
67	162442.0
68	130524.0
69	107532.0
70	68752.0
71	41307.5
72	29651.0
73	22412.5
74	11983.0
75	7426.0
76	6060.0
77	4937.5
78	3198.0
79	1722.5
80	864.0
81	532.0
82	140.0
83	48.5
84	17.0
85	10.5
86	2.0
87	0.5
88	1.0
89	1.0
90	0.5
91	0.0
92	0.0
93	0.0
94	0.0
95	0.0
96	0.0
97	0.0
98	0.0
99	0.0
100	0.0
>>END_MODULE
>>Per base N content	pass
#Base	N-Count
1	0.0
2	0.0
3	0.0
4	0.0
5	0.0
6	0.0
7	0.0
8	0.0
9	0.0
10	0.0
11	0.0
12	0.0
13	0.0
14	0.0
15	0.0
16	0.0
17	0.0
18	0.0
19	0.0
20	0.0
21	0.0
22	0.0
23	0.0
24	0.0
25	0.0
26	0.0
27	0.0
28	0.0
29	0.0
30	0.0
31	0.0
32	0.0
33	0.0
34	0.0
35	0.0
36	0.0
37	0.0
38	0.0
39	0.0
40	0.0
41	0.0
42	0.0
43	0.0
44	0.0
45	0.0
46	0.0
47	0.0
48	0.0
49	0.0
50	0.0
51	0.0
52	0.0
53	0.0
54	0.0
55	0.0
56	0.0
57	0.0
58	0.0
59	0.0
60	0.0
61	0.0
62	0.0
63	0.0
64	0.0
65	0.0
66	0.0
67	0.0
68	0.0
69	0.0
70	0.0
71	0.0
72	0.0
73	0.0
74	0.0
75	0.0
>>END_MODULE
>>Sequence Length Distribution	pass
#Length	Count
75	1.1607325E7
>>END_MODULE
>>Sequence Duplication Levels	fail
#Total Duplicate Percentage	50.988616324017265
#Duplication Level	Relative count
1	100.0
2	20.81184549807925
3	6.195074461927065
4	2.195048150292059
5	0.7189654265116034
6	0.25851181392411726
7	0.10393095826974688
8	0.04407198863337368
9	0.027627216755249172
10++	1.2030995106035889
>>END_MODULE
>>Overrepresented sequences	pass
>>END_MODULE
>>Kmer Content	pass
>>END_MODULE
