##FastQC	0.10.1
>>Basic Statistics	pass
#Measure	Value	
Filename	GSM794483_C1_R1_2.fq.gz	
File type	Conventional base calls	
Encoding	Illumina 1.5	
Total Sequences	11607353	
Filtered Sequences	0	
Sequence length	75	
%GC	51	
>>END_MODULE
>>Per base sequence quality	fail
#Base	Mean	Median	Lower Quartile	Upper Quartile	10th Percentile	90th Percentile
1	9.0	9.0	9.0	9.0	9.0	9.0
2	9.0	9.0	9.0	9.0	9.0	9.0
3	9.0	9.0	9.0	9.0	9.0	9.0
4	9.0	9.0	9.0	9.0	9.0	9.0
5	9.0	9.0	9.0	9.0	9.0	9.0
6	9.0	9.0	9.0	9.0	9.0	9.0
7	9.0	9.0	9.0	9.0	9.0	9.0
8	9.0	9.0	9.0	9.0	9.0	9.0
9	9.0	9.0	9.0	9.0	9.0	9.0
10	9.0	9.0	9.0	9.0	9.0	9.0
11	9.0	9.0	9.0	9.0	9.0	9.0
12	9.0	9.0	9.0	9.0	9.0	9.0
13	9.0	9.0	9.0	9.0	9.0	9.0
14	9.0	9.0	9.0	9.0	9.0	9.0
15	9.0	9.0	9.0	9.0	9.0	9.0
16	9.0	9.0	9.0	9.0	9.0	9.0
17	9.0	9.0	9.0	9.0	9.0	9.0
18	9.0	9.0	9.0	9.0	9.0	9.0
19	9.0	9.0	9.0	9.0	9.0	9.0
20	9.0	9.0	9.0	9.0	9.0	9.0
21	9.0	9.0	9.0	9.0	9.0	9.0
22	9.0	9.0	9.0	9.0	9.0	9.0
23	9.0	9.0	9.0	9.0	9.0	9.0
24	9.0	9.0	9.0	9.0	9.0	9.0
25	9.0	9.0	9.0	9.0	9.0	9.0
26	9.0	9.0	9.0	9.0	9.0	9.0
27	9.0	9.0	9.0	9.0	9.0	9.0
28	9.0	9.0	9.0	9.0	9.0	9.0
29	9.0	9.0	9.0	9.0	9.0	9.0
30	9.0	9.0	9.0	9.0	9.0	9.0
31	9.0	9.0	9.0	9.0	9.0	9.0
32	9.0	9.0	9.0	9.0	9.0	9.0
33	9.0	9.0	9.0	9.0	9.0	9.0
34	9.0	9.0	9.0	9.0	9.0	9.0
35	9.0	9.0	9.0	9.0	9.0	9.0
36	9.0	9.0	9.0	9.0	9.0	9.0
37	9.0	9.0	9.0	9.0	9.0	9.0
38	9.0	9.0	9.0	9.0	9.0	9.0
39	9.0	9.0	9.0	9.0	9.0	9.0
40	9.0	9.0	9.0	9.0	9.0	9.0
41	9.0	9.0	9.0	9.0	9.0	9.0
42	9.0	9.0	9.0	9.0	9.0	9.0
43	9.0	9.0	9.0	9.0	9.0	9.0
44	9.0	9.0	9.0	9.0	9.0	9.0
45	9.0	9.0	9.0	9.0	9.0	9.0
46	9.0	9.0	9.0	9.0	9.0	9.0
47	9.0	9.0	9.0	9.0	9.0	9.0
48	9.0	9.0	9.0	9.0	9.0	9.0
49	9.0	9.0	9.0	9.0	9.0	9.0
50	9.0	9.0	9.0	9.0	9.0	9.0
51	9.0	9.0	9.0	9.0	9.0	9.0
52	9.0	9.0	9.0	9.0	9.0	9.0
53	9.0	9.0	9.0	9.0	9.0	9.0
54	9.0	9.0	9.0	9.0	9.0	9.0
55	9.0	9.0	9.0	9.0	9.0	9.0
56	9.0	9.0	9.0	9.0	9.0	9.0
57	9.0	9.0	9.0	9.0	9.0	9.0
58	9.0	9.0	9.0	9.0	9.0	9.0
59	9.0	9.0	9.0	9.0	9.0	9.0
60	9.0	9.0	9.0	9.0	9.0	9.0
61	9.0	9.0	9.0	9.0	9.0	9.0
62	9.0	9.0	9.0	9.0	9.0	9.0
63	9.0	9.0	9.0	9.0	9.0	9.0
64	9.0	9.0	9.0	9.0	9.0	9.0
65	9.0	9.0	9.0	9.0	9.0	9.0
66	9.0	9.0	9.0	9.0	9.0	9.0
67	9.0	9.0	9.0	9.0	9.0	9.0
68	9.0	9.0	9.0	9.0	9.0	9.0
69	9.0	9.0	9.0	9.0	9.0	9.0
70	9.0	9.0	9.0	9.0	9.0	9.0
71	9.0	9.0	9.0	9.0	9.0	9.0
72	9.0	9.0	9.0	9.0	9.0	9.0
73	9.0	9.0	9.0	9.0	9.0	9.0
74	9.0	9.0	9.0	9.0	9.0	9.0
75	9.0	9.0	9.0	9.0	9.0	9.0
>>END_MODULE
>>Per sequence quality scores	fail
#Quality	Count
9	1.1607353E7
>>END_MODULE
>>Per base sequence content	pass
#Base	G	A	T	C
1	25.972019632727633	24.055648174049672	23.990017362270276	25.98231483095241
2	25.8753739978443	23.745422405952503	24.366253012207004	26.012950583996197
3	25.816514755775927	23.792676935042813	24.50656062583778	25.88424768334348
4	25.721936775766192	23.88909857398151	24.56809920401318	25.82086544623912
5	25.766322433719385	23.644047010545815	24.631929433006817	25.957701122727983
6	25.79122905971758	23.59518143369983	24.772168124808474	25.841421381774122
7	25.74756708097014	23.713502983841366	24.56445496229847	25.97447497289003
8	25.793865319681412	23.796596864074004	24.370052328037236	26.039485488207347
9	25.85830722990849	23.943831121531325	24.36273799892189	25.83512364963829
10	25.82685303014391	23.889494874498947	24.12512999303114	26.158522102326
11	25.882085260954845	23.766116185145744	24.26318903198688	26.08860952191253
12	26.007945136156362	23.963973526091607	24.163984674197465	25.86409666355456
13	25.970563659087475	23.745586095296662	24.42085633132722	25.86299391428864
14	25.83744114614245	23.806125306949827	24.386800332513364	25.96963321439436
15	25.856920178097454	23.774386804640127	24.47414152046552	25.894551496796904
16	25.770966041956335	23.859031426027965	24.33100811184083	26.038994420174866
17	25.891725701802986	23.770423799465735	24.335289880474903	26.002560618256375
18	25.833211068880217	23.93683555587566	24.393649439282154	25.836303935961975
19	25.855093749625773	23.802119225632236	24.59488394985489	25.747903074887102
20	25.8622530046256	23.828671360300664	24.35812023637086	25.950955398702874
21	25.81006194952458	23.82104688295428	24.33063765700931	26.038253510511826
22	25.84873571088947	23.705835430351776	24.41078512904708	26.034643729711675
23	25.84723666110611	23.749350950212335	24.38426745529321	26.019144933388343
24	25.944588744737928	23.913548592861783	24.290955913893548	25.85090674850674
25	25.915624346050304	23.83956962453024	24.282745600999643	25.962060428419814
26	25.932872033787547	23.817833402671564	24.361109720708935	25.88818484283195
27	26.024270994429134	23.739486513419553	24.254995949550253	25.981246542601056
28	26.00089787912886	23.845824280522873	24.00071747624114	26.15256036410713
29	26.027510320397766	23.88989117501639	24.150743067777814	25.931855436808032
30	26.035625865776634	23.727700880640057	24.223446982270637	26.01322627131268
31	26.084465596936703	23.67866299922127	24.200306478143638	26.036564925698393
32	25.995030908425033	23.813060566005014	24.261922593376802	25.929985932193155
33	26.08452590353718	23.928995697813274	24.049419363742967	25.93705903490658
34	26.034480040367512	23.98420208293829	24.11063917845869	25.870678698235505
35	25.951032935760633	23.93592234163982	24.171884838860333	25.94115988373921
36	25.882317872128123	24.001131007215857	24.132737239920246	25.983813880735774
37	26.12624084061198	23.698021417975312	24.164148363541628	26.01158937787108
38	25.936843654190582	24.061937290956863	23.97292474864855	26.028294306204007
39	25.98666552141561	23.993222227324353	24.05073749372488	25.969374757535157
40	26.039718099380625	23.912669839540506	24.11088902008925	25.936723040989623
41	26.050547441781085	23.87956151587705	23.932510711098388	26.13738033124348
42	26.00629101225749	24.013011407510394	24.06832117537909	25.912376404853028
43	26.023926385283534	23.99483327508003	23.960501588949697	26.02073875068674
44	25.95839895624782	24.02137679451982	23.982099967150134	26.038124282082226
45	25.93163144086339	24.096458512117273	23.98428823522469	25.987621811794643
46	25.99645242115063	24.066692897166135	23.9885786190874	25.948276062595838
47	26.11618686878912	24.013424938485116	24.050418730265203	25.819969462460563
48	25.898574808571773	24.092323202370082	24.039115550289544	25.9699864387686
49	25.953367662722073	23.930796280599033	23.909085904426274	26.206750152252628
50	25.913117314516064	23.94146193365533	23.96659255559816	26.17882819623044
51	26.118263138891358	24.040114916811785	23.882714689559283	25.95890725473758
52	26.130970601135335	23.923266570767684	23.93169226437759	26.014070563719393
53	25.982978203557693	23.89956607677909	23.993842523786434	26.12361319587679
54	26.016672362768666	24.07940897463875	23.935224508119983	25.968694154472598
55	26.061247555751944	24.050168888634644	23.80964893546358	26.07893462014983
56	26.032377924579357	23.99465235527859	23.90346016012436	26.06950956001769
57	26.150122254402014	24.08792943576369	23.82643140085427	25.935516908980023
58	25.93607689884162	24.02029989093982	23.95127467907627	26.092348531142285
59	25.99640072977879	24.059671485824545	23.812569497972536	26.131358286424135
60	25.89645546232634	23.94124655293933	23.912712915683702	26.249585069050628
61	26.201313942980796	24.082071080288504	23.80877879737094	25.907836179359755
62	25.95857987604926	24.0217386341227	23.823321303315232	26.196360186512806
63	25.98540769803417	24.092409354656482	23.916296850797938	26.00588609651141
64	25.952687059659514	24.06801102714805	23.907302552097796	26.071999361094644
65	26.11701393073856	24.03061231962188	23.76350577086783	26.08886797877173
66	26.086877860955898	23.980506149851735	23.884859881490637	26.04775610770173
67	26.133684398156927	24.06406525243094	23.755786526006403	26.04646382340573
68	26.099214868368353	24.007471815494885	23.848908532375987	26.044404783760776
69	26.11445520783248	23.990887500362916	23.808460033911263	26.086197257893335
70	26.155834150990326	23.922103514901288	23.912919681171065	26.00914265293732
71	26.169032681266778	24.08320829046898	23.75769910676448	25.990059921499757
72	26.10526275887362	24.05685430605927	23.822968078940995	26.014914856126115
73	26.198057386554886	23.93579311321022	23.737677315405158	26.128472184829736
74	26.22317077804044	24.10589218747806	23.63625884385527	26.034678190626238
75	26.195817427108487	24.037702652792586	23.69498885749404	26.071491062604885
>>END_MODULE
>>Per base GC content	pass
#Base	%GC
1	51.954334463680055
2	51.88832458184049
3	51.70076243911941
4	51.542802222005314
5	51.724023556447364
6	51.6326504414917
7	51.72204205386017
8	51.833350807888756
9	51.69343087954679
10	51.98537513246991
11	51.970694782867376
12	51.87204179971092
13	51.83355757337612
14	51.80707436053681
15	51.751471674894354
16	51.8099604621312
17	51.89428632005936
18	51.66951500484219
19	51.60299682451287
20	51.81320840332848
21	51.84831546003641
22	51.88337944060114
23	51.866381594494456
24	51.79549549324467
25	51.87768477447011
26	51.8210568766195
27	52.00551753703019
28	52.153458243235995
29	51.9593657572058
30	52.048852137089305
31	52.121030522635095
32	51.925016840618184
33	52.021584938443766
34	51.90515873860302
35	51.89219281949985
36	51.8661317528639
37	52.13783021848306
38	51.96513796039459
39	51.956040278950766
40	51.97644114037024
41	52.18792777302457
42	51.91866741711052
43	52.04466513597028
44	51.99652323833005
45	51.91925325265804
46	51.944728483746474
47	51.936156331249684
48	51.868561247340374
49	52.1601178149747
50	52.091945510746505
51	52.07717039362893
52	52.145041164854725
53	52.10659139943448
54	51.985366517241275
55	52.14018217590177
56	52.10188748459704
57	52.085639163382034
58	52.028425429983905
59	52.12775901620292
60	52.14604053137697
61	52.10915012234055
62	52.15494006256207
63	51.99129379454558
64	52.02468642075415
65	52.20588190951029
66	52.13463396865763
67	52.18014822156266
68	52.143619652129125
69	52.20065246572582
70	52.164976803927644
71	52.15909260276654
72	52.12017761499973
73	52.32652957138462
74	52.25784896866668
75	52.26730848971337
>>END_MODULE
>>Per sequence GC content	fail
#GC Content	Count
0	5.0
1	11.5
2	12.5
3	16.0
4	25.0
5	43.0
6	88.0
7	157.0
8	199.0
9	224.5
10	480.0
11	955.5
12	1201.0
13	1503.0
14	3789.0
15	5686.5
16	5600.0
17	7145.5
18	10574.5
19	16249.5
20	20041.0
21	23080.0
22	34063.0
23	47688.5
24	53370.0
25	54909.5
26	63174.5
27	82721.0
28	95542.0
29	97212.0
30	107296.5
31	122114.0
32	128517.0
33	128946.5
34	134106.0
35	143764.0
36	148692.0
37	156213.0
38	169542.0
39	184289.5
40	193229.0
41	206293.0
42	231200.5
43	262793.0
44	282542.0
45	302287.0
46	348246.0
47	400703.0
48	426946.0
49	452763.0
50	511287.5
51	573504.5
52	603014.0
53	629874.5
54	684310.0
55	722583.5
56	733282.0
57	735313.5
58	722464.5
59	677450.5
60	647317.0
61	608018.5
62	517025.5
63	417451.0
64	369571.0
65	328701.5
66	241763.0
67	163652.0
68	131610.0
69	108688.5
70	69893.5
71	41879.0
72	29738.0
73	22592.5
74	12208.5
75	7558.5
76	6147.0
77	5056.0
78	3225.0
79	1707.0
80	929.0
81	586.5
82	160.0
83	45.0
84	14.0
85	8.0
86	1.0
87	0.0
88	0.0
89	0.0
90	0.0
91	0.0
92	0.0
93	0.0
94	0.0
95	0.0
96	0.0
97	0.0
98	0.0
99	0.0
100	0.0
>>END_MODULE
>>Per base N content	pass
#Base	N-Count
1	0.0
2	0.0
3	0.0
4	0.0
5	0.0
6	0.0
7	0.0
8	0.0
9	0.0
10	0.0
11	0.0
12	0.0
13	0.0
14	0.0
15	0.0
16	0.0
17	0.0
18	0.0
19	0.0
20	0.0
21	0.0
22	0.0
23	0.0
24	0.0
25	0.0
26	0.0
27	0.0
28	0.0
29	0.0
30	0.0
31	0.0
32	0.0
33	0.0
34	0.0
35	0.0
36	0.0
37	0.0
38	0.0
39	0.0
40	0.0
41	0.0
42	0.0
43	0.0
44	0.0
45	0.0
46	0.0
47	0.0
48	0.0
49	0.0
50	0.0
51	0.0
52	0.0
53	0.0
54	0.0
55	0.0
56	0.0
57	0.0
58	0.0
59	0.0
60	0.0
61	0.0
62	0.0
63	0.0
64	0.0
65	0.0
66	0.0
67	0.0
68	0.0
69	0.0
70	0.0
71	0.0
72	0.0
73	0.0
74	0.0
75	0.0
>>END_MODULE
>>Sequence Length Distribution	pass
#Length	Count
75	1.1607353E7
>>END_MODULE
>>Sequence Duplication Levels	fail
#Total Duplicate Percentage	50.3589925619968
#Duplication Level	Relative count
1	100.0
2	19.788734683264536
3	5.760717652029772
4	2.0391978418435337
5	0.7378034907530796
6	0.29057106640231417
7	0.0949068807488543
8	0.06110443007118016
9	0.02990216790717327
10++	1.2064874703415998
>>END_MODULE
>>Overrepresented sequences	pass
>>END_MODULE
>>Kmer Content	pass
>>END_MODULE
