##FastQC	0.10.1
>>Basic Statistics	pass
#Measure	Value	
Filename	GSM794488_C2_R3_1.fq.gz	
File type	Conventional base calls	
Encoding	Illumina 1.5	
Total Sequences	11607313	
Filtered Sequences	0	
Sequence length	75	
%GC	51	
>>END_MODULE
>>Per base sequence quality	fail
#Base	Mean	Median	Lower Quartile	Upper Quartile	10th Percentile	90th Percentile
1	9.0	9.0	9.0	9.0	9.0	9.0
2	9.0	9.0	9.0	9.0	9.0	9.0
3	9.0	9.0	9.0	9.0	9.0	9.0
4	9.0	9.0	9.0	9.0	9.0	9.0
5	9.0	9.0	9.0	9.0	9.0	9.0
6	9.0	9.0	9.0	9.0	9.0	9.0
7	9.0	9.0	9.0	9.0	9.0	9.0
8	9.0	9.0	9.0	9.0	9.0	9.0
9	9.0	9.0	9.0	9.0	9.0	9.0
10	9.0	9.0	9.0	9.0	9.0	9.0
11	9.0	9.0	9.0	9.0	9.0	9.0
12	9.0	9.0	9.0	9.0	9.0	9.0
13	9.0	9.0	9.0	9.0	9.0	9.0
14	9.0	9.0	9.0	9.0	9.0	9.0
15	9.0	9.0	9.0	9.0	9.0	9.0
16	9.0	9.0	9.0	9.0	9.0	9.0
17	9.0	9.0	9.0	9.0	9.0	9.0
18	9.0	9.0	9.0	9.0	9.0	9.0
19	9.0	9.0	9.0	9.0	9.0	9.0
20	9.0	9.0	9.0	9.0	9.0	9.0
21	9.0	9.0	9.0	9.0	9.0	9.0
22	9.0	9.0	9.0	9.0	9.0	9.0
23	9.0	9.0	9.0	9.0	9.0	9.0
24	9.0	9.0	9.0	9.0	9.0	9.0
25	9.0	9.0	9.0	9.0	9.0	9.0
26	9.0	9.0	9.0	9.0	9.0	9.0
27	9.0	9.0	9.0	9.0	9.0	9.0
28	9.0	9.0	9.0	9.0	9.0	9.0
29	9.0	9.0	9.0	9.0	9.0	9.0
30	9.0	9.0	9.0	9.0	9.0	9.0
31	9.0	9.0	9.0	9.0	9.0	9.0
32	9.0	9.0	9.0	9.0	9.0	9.0
33	9.0	9.0	9.0	9.0	9.0	9.0
34	9.0	9.0	9.0	9.0	9.0	9.0
35	9.0	9.0	9.0	9.0	9.0	9.0
36	9.0	9.0	9.0	9.0	9.0	9.0
37	9.0	9.0	9.0	9.0	9.0	9.0
38	9.0	9.0	9.0	9.0	9.0	9.0
39	9.0	9.0	9.0	9.0	9.0	9.0
40	9.0	9.0	9.0	9.0	9.0	9.0
41	9.0	9.0	9.0	9.0	9.0	9.0
42	9.0	9.0	9.0	9.0	9.0	9.0
43	9.0	9.0	9.0	9.0	9.0	9.0
44	9.0	9.0	9.0	9.0	9.0	9.0
45	9.0	9.0	9.0	9.0	9.0	9.0
46	9.0	9.0	9.0	9.0	9.0	9.0
47	9.0	9.0	9.0	9.0	9.0	9.0
48	9.0	9.0	9.0	9.0	9.0	9.0
49	9.0	9.0	9.0	9.0	9.0	9.0
50	9.0	9.0	9.0	9.0	9.0	9.0
51	9.0	9.0	9.0	9.0	9.0	9.0
52	9.0	9.0	9.0	9.0	9.0	9.0
53	9.0	9.0	9.0	9.0	9.0	9.0
54	9.0	9.0	9.0	9.0	9.0	9.0
55	9.0	9.0	9.0	9.0	9.0	9.0
56	9.0	9.0	9.0	9.0	9.0	9.0
57	9.0	9.0	9.0	9.0	9.0	9.0
58	9.0	9.0	9.0	9.0	9.0	9.0
59	9.0	9.0	9.0	9.0	9.0	9.0
60	9.0	9.0	9.0	9.0	9.0	9.0
61	9.0	9.0	9.0	9.0	9.0	9.0
62	9.0	9.0	9.0	9.0	9.0	9.0
63	9.0	9.0	9.0	9.0	9.0	9.0
64	9.0	9.0	9.0	9.0	9.0	9.0
65	9.0	9.0	9.0	9.0	9.0	9.0
66	9.0	9.0	9.0	9.0	9.0	9.0
67	9.0	9.0	9.0	9.0	9.0	9.0
68	9.0	9.0	9.0	9.0	9.0	9.0
69	9.0	9.0	9.0	9.0	9.0	9.0
70	9.0	9.0	9.0	9.0	9.0	9.0
71	9.0	9.0	9.0	9.0	9.0	9.0
72	9.0	9.0	9.0	9.0	9.0	9.0
73	9.0	9.0	9.0	9.0	9.0	9.0
74	9.0	9.0	9.0	9.0	9.0	9.0
75	9.0	9.0	9.0	9.0	9.0	9.0
>>END_MODULE
>>Per sequence quality scores	fail
#Quality	Count
9	1.1607313E7
>>END_MODULE
>>Per base sequence content	pass
#Base	G	A	T	C
1	25.966939979993647	24.05482647017445	24.001480790601583	25.97675275923032
2	25.857500353440972	23.741687675692038	24.39542209295123	26.005389877915757
3	25.779377190914037	23.818148093361486	24.562368568849653	25.84010614687482
4	25.731829580196553	23.88102224864618	24.608899579084323	25.778248592072945
5	25.776982149098586	23.644128490374992	24.654439834611164	25.924449525915254
6	25.80241439168566	23.629853007323916	24.77832724938149	25.78940535160894
7	25.70547550496829	23.719132929386845	24.570665062620435	26.00472650302443
8	25.741039291350205	23.82017267906879	24.412376921342606	26.0264111082384
9	25.824176534224584	23.970982776117093	24.398678660599572	25.80616202905875
10	25.78519249028608	23.900578885052898	24.163352879344256	26.150875745316764
11	25.847480808004402	23.78704701079397	24.303807435881154	26.061664745320474
12	25.938345937599856	23.968380968101748	24.234135841774922	25.859137252523475
13	25.9492787004193	23.760365555749207	24.42589426166073	25.864461482170764
14	25.79808953200452	23.84999870340362	24.420526955721794	25.93138480887006
15	25.84717065870456	23.799444367529333	24.488139503087407	25.8652454706787
16	25.78283190950395	23.830812523105045	24.364028091600527	26.02232747579048
17	25.869027569085112	23.76723191663738	24.362580728201262	26.001159786076244
18	25.823306393133365	23.924692993115634	24.382292439257906	25.8697081744931
19	25.859033869423527	23.77399489442561	24.629533122782163	25.7374381133687
20	25.836194819593477	23.83282849355402	24.438670689762564	25.892305997089938
21	25.780626403371738	23.805164899059754	24.418459293722844	25.995749403845664
22	25.85733666353272	23.683276224221746	24.44333154451853	26.016055567727005
23	25.845387300230467	23.767636833778845	24.406113628537458	25.980862237453234
24	25.962589274537528	23.888422755550746	24.339155840804843	25.809832129106887
25	25.885758400759933	23.860750545798155	24.317367852490925	25.936123200950988
26	25.92614673180606	23.87539648495737	24.352052882523285	25.846403900713284
27	25.982016682069315	23.76526763773838	24.304048663114365	25.94866701707794
28	26.001228708142875	23.89693463077975	24.00837299726474	26.09346366381263
29	26.076388221804653	23.904636671725836	24.15065398856738	25.868321117902138
30	26.01154117236263	23.750707851162453	24.20842791092133	26.02932306555359
31	26.05460023349073	23.731056446914113	24.22407322004671	25.990270099548447
32	25.98970149249874	23.859578870665416	24.26382402197649	25.886895614859355
33	26.020139200174924	23.943999787030815	24.079750412520106	25.956110600274158
34	26.039669990806658	23.98881636085802	24.106897091514632	25.864616556820685
35	25.91051865319734	23.953941795142423	24.22930268185238	25.906236869807852
36	25.879865564062932	24.019598678867364	24.159200324829698	25.941335432240002
37	26.099218656376372	23.72804110649898	24.21195155157787	25.960788685546778
38	25.91703178849403	24.036260588475557	24.013378462353863	26.033329160676548
39	25.978449965121126	23.996199637245933	24.075666780072183	25.94968361756076
40	26.020406273183124	23.91016766757302	24.16246550773637	25.906960551507485
41	26.074320559805702	23.86061270166489	23.954820551491977	26.11024618703743
42	25.97693367965523	24.045677065829103	24.09165669953072	25.885732554984948
43	25.99263068033058	24.046788434153537	23.989583118849296	25.97099776666658
44	25.920615735958876	24.03642427838381	24.03219418654429	26.010765799113024
45	25.908364838615107	24.093767437821313	24.000843261485237	25.997024462078343
46	25.95343987019218	24.09279391363014	24.006529331982346	25.947236884195334
47	26.083202891142854	24.01784978142659	24.072022525799035	25.826924801631524
48	25.896923775554253	24.112548700978426	24.03861255399936	25.951914969467953
49	25.916023803269546	23.916603265544747	23.987291460133797	26.180081471051913
50	25.896915160295926	23.98939358316606	23.970732933625552	26.142958322912463
51	26.079446638511428	24.043032181522115	23.96303089267947	25.91449028728699
52	26.079550021611375	23.93936477804984	23.97861589499654	26.002469305342245
53	25.990657786173248	23.93162827607044	23.993339371480722	26.084374566275585
54	25.997748143777976	24.14375316664589	23.922108415616947	25.936390273959187
55	26.055763293365143	24.0407663685816	23.83586106448581	26.06760927356745
56	26.01192885898743	23.98406935351877	23.939158011849944	26.064843775643855
57	26.09505748660349	24.139669534197967	23.877007538264884	25.88826544093366
58	25.9173505530522	24.040818060131574	23.982380762886294	26.05945062392993
59	25.97807089375465	24.083351590501607	23.812436177089392	26.126141338654346
60	25.858956332098565	23.990539412523813	23.951848287368488	26.19865596800913
61	26.157276882255175	24.11424590686923	23.832561420545822	25.89591579032977
62	25.939104080332804	24.013576613295427	23.850369159511768	26.196950146859997
63	25.98465295111797	24.065138934394202	23.96393549480401	25.986272619683813
64	25.9606766871885	24.06978255863351	23.946300061004642	26.02324069317335
65	26.10071771132561	24.039301774665677	23.79263831344946	26.067342200559253
66	26.00768153663126	23.983345671819137	23.9831561361359	26.025816655413703
67	26.110754487278836	24.059073792530622	23.76766267955383	26.062509040636712
68	26.10072632658394	23.993795980172155	23.889611661200142	26.015866032043768
69	26.0872348320408	24.023311855207144	23.867367064194788	26.02208624855727
70	26.185466007507507	23.95197751624342	23.898864448645433	25.96369202760363
71	26.155450447489443	24.073185585673446	23.758134203842012	26.013229762995106
72	26.042435488730252	24.081327004794307	23.868530124069196	26.00770738240625
73	26.184742325807875	23.98380228051057	23.746830984914425	26.084624408767127
74	26.19382280808659	24.159562165679517	23.638571648752816	26.008043377481076
75	26.124245981821975	24.06106391720461	23.745978074339856	26.068712026633555
>>END_MODULE
>>Per base GC content	pass
#Base	%GC
1	51.94369273922397
2	51.86289023135673
3	51.619483337788864
4	51.5100781722695
5	51.70143167501384
6	51.5918197432946
7	51.71020200799272
8	51.7674503995886
9	51.63033856328334
10	51.93606823560285
11	51.909145553324876
12	51.79748319012333
13	51.81374018259006
14	51.72947434087458
15	51.712416129383264
16	51.80515938529443
17	51.870187355161356
18	51.69301456762646
19	51.596471982792224
20	51.72850081668341
21	51.7763758072174
22	51.87339223125972
23	51.8262495376837
24	51.77242140364441
25	51.82188160171092
26	51.77255063251934
27	51.93068369914725
28	52.09469237195551
29	51.94470933970678
30	52.04086423791622
31	52.044870333039185
32	51.876597107358094
33	51.97624980044908
34	51.90428654762734
35	51.8167555230052
36	51.82120099630293
37	52.06000734192314
38	51.95036094917058
39	51.92813358268188
40	51.9273668246906
41	52.18456674684313
42	51.86266623464017
43	51.96362844699717
44	51.9313815350719
45	51.90538930069345
46	51.90067675438751
47	51.910127692774374
48	51.848838745022206
49	52.09610527432146
50	52.03987348320839
51	51.99393692579841
52	52.08201932695362
53	52.07503235244884
54	51.93413841773717
55	52.12337256693259
56	52.07677263463128
57	51.983322927537145
58	51.976801176982136
59	52.104212232409
60	52.05761230010771
61	52.05319267258495
62	52.13605422719281
63	51.97092557080178
64	51.983917380361845
65	52.16805991188485
66	52.03349819204496
67	52.173263527915545
68	52.1165923586277
69	52.10932108059807
70	52.14915803511114
71	52.16868021048454
72	52.050142871136494
73	52.26936673457501
74	52.20186618556767
75	52.192958008455534
>>END_MODULE
>>Per sequence GC content	fail
#GC Content	Count
0	13.0
1	21.0
2	17.0
3	22.0
4	39.0
5	49.0
6	89.5
7	188.5
8	257.0
9	275.5
10	514.5
11	966.5
12	1198.0
13	1560.0
14	3805.0
15	5776.5
16	5865.0
17	7339.0
18	11010.0
19	16839.5
20	20472.0
21	23925.0
22	34698.0
23	48121.0
24	54224.0
25	55945.0
26	64524.5
27	82901.0
28	94419.0
29	97078.5
30	108199.5
31	122722.0
32	128783.0
33	128694.0
34	135221.0
35	145271.5
36	148706.0
37	157214.5
38	171555.0
39	184826.5
40	192266.0
41	206448.0
42	231306.5
43	261895.5
44	281808.0
45	303614.0
46	350226.0
47	400898.0
48	426764.0
49	452486.5
50	510094.0
51	573150.5
52	604322.0
53	630882.5
54	684857.0
55	722952.5
56	733634.0
57	734399.5
58	720153.0
59	675642.0
60	646143.0
61	606307.5
62	515894.5
63	416400.5
64	367484.0
65	327058.0
66	240873.5
67	162782.0
68	130449.0
69	107776.5
70	68906.0
71	41066.0
72	29424.0
73	22270.0
74	11859.0
75	7319.5
76	6037.0
77	4931.5
78	3129.5
79	1629.5
80	826.0
81	523.5
82	150.0
83	44.0
84	9.0
85	5.5
86	1.5
87	1.0
88	1.0
89	1.0
90	0.5
91	0.0
92	0.0
93	0.0
94	0.0
95	0.0
96	0.0
97	0.0
98	0.0
99	0.0
100	0.0
>>END_MODULE
>>Per base N content	pass
#Base	N-Count
1	0.0
2	0.0
3	0.0
4	0.0
5	0.0
6	0.0
7	0.0
8	0.0
9	0.0
10	0.0
11	0.0
12	0.0
13	0.0
14	0.0
15	0.0
16	0.0
17	0.0
18	0.0
19	0.0
20	0.0
21	0.0
22	0.0
23	0.0
24	0.0
25	0.0
26	0.0
27	0.0
28	0.0
29	0.0
30	0.0
31	0.0
32	0.0
33	0.0
34	0.0
35	0.0
36	0.0
37	0.0
38	0.0
39	0.0
40	0.0
41	0.0
42	0.0
43	0.0
44	0.0
45	0.0
46	0.0
47	0.0
48	0.0
49	0.0
50	0.0
51	0.0
52	0.0
53	0.0
54	0.0
55	0.0
56	0.0
57	0.0
58	0.0
59	0.0
60	0.0
61	0.0
62	0.0
63	0.0
64	0.0
65	0.0
66	0.0
67	0.0
68	0.0
69	0.0
70	0.0
71	0.0
72	0.0
73	0.0
74	0.0
75	0.0
>>END_MODULE
>>Sequence Length Distribution	pass
#Length	Count
75	1.1607313E7
>>END_MODULE
>>Sequence Duplication Levels	fail
#Total Duplicate Percentage	50.249389134897896
#Duplication Level	Relative count
1	100.0
2	20.482770798317954
3	5.980681320262378
4	2.030619518798763
5	0.7128422787409505
6	0.2491678056883506
7	0.07847804903570098
8	0.04054699200177884
9	0.030737235872316214
10++	1.1909043941167623
>>END_MODULE
>>Overrepresented sequences	pass
>>END_MODULE
>>Kmer Content	pass
>>END_MODULE
