##FastQC	0.10.1
>>Basic Statistics	pass
#Measure	Value	
Filename	GSM794488_C2_R3_2.fq.gz	
File type	Conventional base calls	
Encoding	Illumina 1.5	
Total Sequences	11607313	
Filtered Sequences	0	
Sequence length	75	
%GC	51	
>>END_MODULE
>>Per base sequence quality	fail
#Base	Mean	Median	Lower Quartile	Upper Quartile	10th Percentile	90th Percentile
1	9.0	9.0	9.0	9.0	9.0	9.0
2	9.0	9.0	9.0	9.0	9.0	9.0
3	9.0	9.0	9.0	9.0	9.0	9.0
4	9.0	9.0	9.0	9.0	9.0	9.0
5	9.0	9.0	9.0	9.0	9.0	9.0
6	9.0	9.0	9.0	9.0	9.0	9.0
7	9.0	9.0	9.0	9.0	9.0	9.0
8	9.0	9.0	9.0	9.0	9.0	9.0
9	9.0	9.0	9.0	9.0	9.0	9.0
10	9.0	9.0	9.0	9.0	9.0	9.0
11	9.0	9.0	9.0	9.0	9.0	9.0
12	9.0	9.0	9.0	9.0	9.0	9.0
13	9.0	9.0	9.0	9.0	9.0	9.0
14	9.0	9.0	9.0	9.0	9.0	9.0
15	9.0	9.0	9.0	9.0	9.0	9.0
16	9.0	9.0	9.0	9.0	9.0	9.0
17	9.0	9.0	9.0	9.0	9.0	9.0
18	9.0	9.0	9.0	9.0	9.0	9.0
19	9.0	9.0	9.0	9.0	9.0	9.0
20	9.0	9.0	9.0	9.0	9.0	9.0
21	9.0	9.0	9.0	9.0	9.0	9.0
22	9.0	9.0	9.0	9.0	9.0	9.0
23	9.0	9.0	9.0	9.0	9.0	9.0
24	9.0	9.0	9.0	9.0	9.0	9.0
25	9.0	9.0	9.0	9.0	9.0	9.0
26	9.0	9.0	9.0	9.0	9.0	9.0
27	9.0	9.0	9.0	9.0	9.0	9.0
28	9.0	9.0	9.0	9.0	9.0	9.0
29	9.0	9.0	9.0	9.0	9.0	9.0
30	9.0	9.0	9.0	9.0	9.0	9.0
31	9.0	9.0	9.0	9.0	9.0	9.0
32	9.0	9.0	9.0	9.0	9.0	9.0
33	9.0	9.0	9.0	9.0	9.0	9.0
34	9.0	9.0	9.0	9.0	9.0	9.0
35	9.0	9.0	9.0	9.0	9.0	9.0
36	9.0	9.0	9.0	9.0	9.0	9.0
37	9.0	9.0	9.0	9.0	9.0	9.0
38	9.0	9.0	9.0	9.0	9.0	9.0
39	9.0	9.0	9.0	9.0	9.0	9.0
40	9.0	9.0	9.0	9.0	9.0	9.0
41	9.0	9.0	9.0	9.0	9.0	9.0
42	9.0	9.0	9.0	9.0	9.0	9.0
43	9.0	9.0	9.0	9.0	9.0	9.0
44	9.0	9.0	9.0	9.0	9.0	9.0
45	9.0	9.0	9.0	9.0	9.0	9.0
46	9.0	9.0	9.0	9.0	9.0	9.0
47	9.0	9.0	9.0	9.0	9.0	9.0
48	9.0	9.0	9.0	9.0	9.0	9.0
49	9.0	9.0	9.0	9.0	9.0	9.0
50	9.0	9.0	9.0	9.0	9.0	9.0
51	9.0	9.0	9.0	9.0	9.0	9.0
52	9.0	9.0	9.0	9.0	9.0	9.0
53	9.0	9.0	9.0	9.0	9.0	9.0
54	9.0	9.0	9.0	9.0	9.0	9.0
55	9.0	9.0	9.0	9.0	9.0	9.0
56	9.0	9.0	9.0	9.0	9.0	9.0
57	9.0	9.0	9.0	9.0	9.0	9.0
58	9.0	9.0	9.0	9.0	9.0	9.0
59	9.0	9.0	9.0	9.0	9.0	9.0
60	9.0	9.0	9.0	9.0	9.0	9.0
61	9.0	9.0	9.0	9.0	9.0	9.0
62	9.0	9.0	9.0	9.0	9.0	9.0
63	9.0	9.0	9.0	9.0	9.0	9.0
64	9.0	9.0	9.0	9.0	9.0	9.0
65	9.0	9.0	9.0	9.0	9.0	9.0
66	9.0	9.0	9.0	9.0	9.0	9.0
67	9.0	9.0	9.0	9.0	9.0	9.0
68	9.0	9.0	9.0	9.0	9.0	9.0
69	9.0	9.0	9.0	9.0	9.0	9.0
70	9.0	9.0	9.0	9.0	9.0	9.0
71	9.0	9.0	9.0	9.0	9.0	9.0
72	9.0	9.0	9.0	9.0	9.0	9.0
73	9.0	9.0	9.0	9.0	9.0	9.0
74	9.0	9.0	9.0	9.0	9.0	9.0
75	9.0	9.0	9.0	9.0	9.0	9.0
>>END_MODULE
>>Per sequence quality scores	fail
#Quality	Count
9	1.1607313E7
>>END_MODULE
>>Per base sequence content	pass
#Base	G	A	T	C
1	25.97018793238366	24.073271738256736	23.982785680027753	25.97375464933185
2	25.841484588207454	23.74966540490465	24.391097233270095	26.017752773617804
3	25.81101241949795	23.837394580468366	24.523427601202794	25.828165398830894
4	25.733121868945897	23.88783691798438	24.59346965141717	25.785571561652553
5	25.759949783382254	23.64632538124887	24.676348436541687	25.917376398827187
6	25.790913021816504	23.62924993924089	24.77750018458191	25.802336854360696
7	25.72677242355746	23.760064021707695	24.53980520728613	25.973358347448716
8	25.74598444963102	23.801141573420136	24.432596932640653	26.020277044308187
9	25.834084081302883	23.96167829712182	24.414961498841294	25.789276122734005
10	25.80559342200904	23.87867028312237	24.169461097499482	26.146275197369107
11	25.868346963677126	23.782489539137956	24.311190712269067	26.03797278491585
12	25.97119591760815	23.968785885243207	24.194746880694957	25.865271316453686
13	25.93972437893249	23.74185136560029	24.408103753211446	25.910320502255775
14	25.795832334322338	23.861577610597735	24.424541666103085	25.918048388976842
15	25.847618652137665	23.797213015622134	24.478438722209006	25.87672961003119
16	25.783478053878618	23.806870720208888	24.38177552375817	26.027875702154326
17	25.86888972495185	23.766043010987985	24.371540596863376	25.993526667196793
18	25.843043949964994	23.92660558046466	24.358359251620076	25.871991217950267
19	25.831654578454117	23.794731821223397	24.631678322106072	25.741935278216417
20	25.810323198831632	23.831665433679614	24.4342769080148	25.923734459473952
21	25.813596996996637	23.806457187809098	24.389753252970777	25.990192562223484
22	25.84443962181428	23.689591208576868	24.434078757073234	26.031890412535613
23	25.84042491143299	23.77770807076539	24.379595863400944	26.00227115440068
24	25.941499122148254	23.89800292281254	24.336941719414305	25.8235562356249
25	25.873834883232664	23.892609771098616	24.30478096007233	25.92877438559639
26	25.903411065075954	23.8809102502879	24.362391192518025	25.853287492118117
27	25.97275527936569	23.75033739505431	24.319340746648255	25.957566578931747
28	25.998601054352545	23.895737109872027	23.985111799776572	26.120550035998857
29	26.0719685942819	23.88953412387518	24.15724466118903	25.881252620653893
30	25.99297529066374	23.752680745319783	24.210306037237043	26.044037926779435
31	26.045433598628726	23.70996629452484	24.250797751383114	25.99380235546332
32	25.951225748801637	23.850308852703463	24.292771289961767	25.90569410853313
33	26.02266347086531	23.959998321747676	24.054748932849492	25.962589274537528
34	26.03506082760067	23.988609594658126	24.103692215416263	25.87263736232494
35	25.925939965606165	23.933558093936124	24.217611776299993	25.92289016415772
36	25.912043553921567	24.02080481503342	24.114452673069124	25.95269895797589
37	26.079532791094717	23.724035011376017	24.23834008783945	25.95809210968981
38	25.92348461698241	24.042342960855798	24.025345056172775	26.008827365989013
39	25.963821256478564	23.984500116435218	24.095016650279007	25.95666197680721
40	26.03792970862421	23.93532422189356	24.13479329798378	25.89195277149845
41	26.046415738078228	23.870270406251645	23.946282830487988	26.13703102518214
42	25.989572263623806	24.05055330204329	24.054955699049387	25.904918735283523
43	25.9843944933681	24.064828785094363	23.993718442847197	25.957058278690337
44	25.942886178739215	24.02048605047525	24.03032467548691	26.006303095298627
45	25.91208663021321	24.093017910346692	23.997982995720026	25.99691246372007
46	25.967439664976727	24.1123333195202	23.98498257090164	25.935244444601434
47	26.064275168594143	24.044789694221222	24.065457698952375	25.82547743823226
48	25.887731294917266	24.09935012521847	24.034985530242874	25.977933049621388
49	25.911983247113263	23.938055258783837	23.969380338067907	26.180581156034993
50	25.86608115073661	23.977289145213884	24.0077957749567	26.148833929092806
51	26.075302699255204	24.03598490020903	23.96703698780243	25.921675412733336
52	26.12536596540474	23.928957545988464	23.977263299438896	25.9684131891679
53	25.996533392353598	23.90704894405794	24.011948329471256	26.084469334117205
54	26.02091457342453	24.121431032315577	23.903990527351162	25.953663866908734
55	26.04678619418637	24.078458123770762	23.807783937591758	26.066971744451106
56	25.986539692692013	24.00674471344057	23.93909770504164	26.06761788882578
57	26.115406726776474	24.15630559803117	23.851290992152965	25.876996683039387
58	25.904832582700234	24.0534135678085	23.977444219863806	26.06430962962746
59	25.983782810026746	24.07003240112505	23.814391840730064	26.13179294811814
60	25.903462756625927	23.974515032031963	23.940743219382473	26.18127899195964
61	26.15300371412402	24.137119417732595	23.819716070377357	25.890160797766026
62	25.960814531321763	24.038802089682598	23.83381924826185	26.16656413073379
63	25.9829643604855	24.08530725414228	23.927716948789097	26.004011436583124
64	25.949442390327548	24.082059301752263	23.95214982141	26.01634848651019
65	26.105774867964705	24.040223607306878	23.801891100894753	26.052110423833664
66	26.026290494621797	23.983871202577202	23.97789221329691	26.01194608950409
67	26.132800933342626	24.04816687548617	23.746236532089725	26.07279565908148
68	26.101174320017044	23.99638917292917	23.902741314893465	25.99969519216032
69	26.111038790803693	24.016635030002206	23.856546299733626	26.015779879460478
70	26.16646936289217	23.97740975883049	23.879480117405294	25.97664076087205
71	26.16499615371792	24.075149864572445	23.76731806922067	25.99253591248896
72	26.05592698327339	24.054447398807977	23.858751805865836	26.030873812052796
73	26.152728025857492	24.010897267955126	23.755696085734915	26.080678620452467
74	26.192366829428998	24.15746004264725	23.655638475502467	25.99453465242128
75	26.14888562064278	24.050415457910027	23.718176635712332	26.082522285734868
>>END_MODULE
>>Per base GC content	pass
#Base	%GC
1	51.943942581715504
2	51.85923736182526
3	51.63917781832884
4	51.51869343059845
5	51.67732618220944
6	51.593249876177204
7	51.70013077100617
8	51.76626149393921
9	51.623360204036885
10	51.951868619378146
11	51.90631974859298
12	51.836467234061836
13	51.85004488118826
14	51.71388072329918
15	51.72434826216886
16	51.81135375603294
17	51.86241639214864
18	51.71503516791526
19	51.57358985667053
20	51.73405765830559
21	51.80378955922013
22	51.87633003434989
23	51.84269606583367
24	51.76505535777316
25	51.80260926882906
26	51.75669855719407
27	51.93032185829743
28	52.1191510903514
29	51.953221214935795
30	52.037013217443175
31	52.03923595409204
32	51.85691985733477
33	51.98525274540283
34	51.90769818992561
35	51.848830129763876
36	51.864742511897454
37	52.03762490078453
38	51.93231198297143
39	51.92048323328577
40	51.92988248012266
41	52.18344676326036
42	51.89449099890733
43	51.94145277205844
44	51.94918927403784
45	51.90899909393328
46	51.90268410957815
47	51.8897526068264
48	51.86566434453865
49	52.09256440314826
50	52.014915079829414
51	51.99697811198853
52	52.09377915457264
53	52.08100272647081
54	51.97457844033326
55	52.11375793863747
56	52.05415758151779
57	51.99240340981587
58	51.96914221232769
59	52.115575758144885
60	52.08474174858557
61	52.04316451189005
62	52.12737866205555
63	51.986975797068624
64	51.96579087683774
65	52.157885291798365
66	52.03823658412588
67	52.20559659242411
68	52.10086951217736
69	52.126818670264164
70	52.14311012376422
71	52.15753206620688
72	52.086800795326184
73	52.23340664630995
74	52.18690148185028
75	52.23140790637765
>>END_MODULE
>>Per sequence GC content	fail
#GC Content	Count
0	11.0
1	17.5
2	15.5
3	16.5
4	26.0
5	46.5
6	98.5
7	183.0
8	236.0
9	264.0
10	508.0
11	940.5
12	1157.0
13	1537.0
14	3797.0
15	5759.5
16	5842.0
17	7276.5
18	10988.0
19	16835.0
20	20405.0
21	23627.5
22	34683.5
23	48532.0
24	54547.0
25	55958.0
26	64225.5
27	82815.0
28	94548.0
29	97240.5
30	108286.0
31	122509.5
32	128380.0
33	128640.5
34	135299.0
35	145655.5
36	149614.0
37	157630.0
38	171143.0
39	184486.5
40	192333.0
41	206220.0
42	231624.0
43	262280.5
44	281420.0
45	302434.0
46	349283.5
47	400365.5
48	425612.0
49	451948.0
50	510611.5
51	572716.0
52	602493.0
53	630467.0
54	685147.0
55	723431.0
56	735009.0
57	735768.0
58	721517.5
59	676327.0
60	646146.0
61	607372.5
62	516155.0
63	415471.0
64	367231.0
65	326826.0
66	240318.0
67	162167.5
68	130120.0
69	107550.0
70	69057.5
71	41201.5
72	29268.0
73	22343.5
74	12051.5
75	7321.5
76	5959.0
77	4890.5
78	3096.5
79	1596.0
80	821.0
81	518.5
82	152.5
83	51.0
84	13.0
85	8.0
86	1.5
87	0.5
88	1.0
89	1.0
90	0.5
91	0.0
92	0.0
93	0.0
94	0.0
95	0.0
96	0.0
97	0.0
98	0.0
99	0.0
100	0.0
>>END_MODULE
>>Per base N content	pass
#Base	N-Count
1	0.0
2	0.0
3	0.0
4	0.0
5	0.0
6	0.0
7	0.0
8	0.0
9	0.0
10	0.0
11	0.0
12	0.0
13	0.0
14	0.0
15	0.0
16	0.0
17	0.0
18	0.0
19	0.0
20	0.0
21	0.0
22	0.0
23	0.0
24	0.0
25	0.0
26	0.0
27	0.0
28	0.0
29	0.0
30	0.0
31	0.0
32	0.0
33	0.0
34	0.0
35	0.0
36	0.0
37	0.0
38	0.0
39	0.0
40	0.0
41	0.0
42	0.0
43	0.0
44	0.0
45	0.0
46	0.0
47	0.0
48	0.0
49	0.0
50	0.0
51	0.0
52	0.0
53	0.0
54	0.0
55	0.0
56	0.0
57	0.0
58	0.0
59	0.0
60	0.0
61	0.0
62	0.0
63	0.0
64	0.0
65	0.0
66	0.0
67	0.0
68	0.0
69	0.0
70	0.0
71	0.0
72	0.0
73	0.0
74	0.0
75	0.0
>>END_MODULE
>>Sequence Length Distribution	pass
#Length	Count
75	1.1607313E7
>>END_MODULE
>>Sequence Duplication Levels	fail
#Total Duplicate Percentage	50.3253570476692
#Duplication Level	Relative count
1	100.0
2	20.560753778708367
3	5.900019629653864
4	2.0899038146960676
5	0.7092848262775633
6	0.24995092586534057
7	0.0772099718641628
8	0.05430870902309756
9	0.036642020545704375
10++	1.1862854151671791
>>END_MODULE
>>Overrepresented sequences	pass
>>END_MODULE
>>Kmer Content	pass
>>END_MODULE
