##FastQC	0.10.1
>>Basic Statistics	pass
#Measure	Value	
Filename	GSM794486_C2_R1_2.fq.gz	
File type	Conventional base calls	
Encoding	Illumina 1.5	
Total Sequences	11607325	
Filtered Sequences	0	
Sequence length	75	
%GC	51	
>>END_MODULE
>>Per base sequence quality	fail
#Base	Mean	Median	Lower Quartile	Upper Quartile	10th Percentile	90th Percentile
1	9.0	9.0	9.0	9.0	9.0	9.0
2	9.0	9.0	9.0	9.0	9.0	9.0
3	9.0	9.0	9.0	9.0	9.0	9.0
4	9.0	9.0	9.0	9.0	9.0	9.0
5	9.0	9.0	9.0	9.0	9.0	9.0
6	9.0	9.0	9.0	9.0	9.0	9.0
7	9.0	9.0	9.0	9.0	9.0	9.0
8	9.0	9.0	9.0	9.0	9.0	9.0
9	9.0	9.0	9.0	9.0	9.0	9.0
10	9.0	9.0	9.0	9.0	9.0	9.0
11	9.0	9.0	9.0	9.0	9.0	9.0
12	9.0	9.0	9.0	9.0	9.0	9.0
13	9.0	9.0	9.0	9.0	9.0	9.0
14	9.0	9.0	9.0	9.0	9.0	9.0
15	9.0	9.0	9.0	9.0	9.0	9.0
16	9.0	9.0	9.0	9.0	9.0	9.0
17	9.0	9.0	9.0	9.0	9.0	9.0
18	9.0	9.0	9.0	9.0	9.0	9.0
19	9.0	9.0	9.0	9.0	9.0	9.0
20	9.0	9.0	9.0	9.0	9.0	9.0
21	9.0	9.0	9.0	9.0	9.0	9.0
22	9.0	9.0	9.0	9.0	9.0	9.0
23	9.0	9.0	9.0	9.0	9.0	9.0
24	9.0	9.0	9.0	9.0	9.0	9.0
25	9.0	9.0	9.0	9.0	9.0	9.0
26	9.0	9.0	9.0	9.0	9.0	9.0
27	9.0	9.0	9.0	9.0	9.0	9.0
28	9.0	9.0	9.0	9.0	9.0	9.0
29	9.0	9.0	9.0	9.0	9.0	9.0
30	9.0	9.0	9.0	9.0	9.0	9.0
31	9.0	9.0	9.0	9.0	9.0	9.0
32	9.0	9.0	9.0	9.0	9.0	9.0
33	9.0	9.0	9.0	9.0	9.0	9.0
34	9.0	9.0	9.0	9.0	9.0	9.0
35	9.0	9.0	9.0	9.0	9.0	9.0
36	9.0	9.0	9.0	9.0	9.0	9.0
37	9.0	9.0	9.0	9.0	9.0	9.0
38	9.0	9.0	9.0	9.0	9.0	9.0
39	9.0	9.0	9.0	9.0	9.0	9.0
40	9.0	9.0	9.0	9.0	9.0	9.0
41	9.0	9.0	9.0	9.0	9.0	9.0
42	9.0	9.0	9.0	9.0	9.0	9.0
43	9.0	9.0	9.0	9.0	9.0	9.0
44	9.0	9.0	9.0	9.0	9.0	9.0
45	9.0	9.0	9.0	9.0	9.0	9.0
46	9.0	9.0	9.0	9.0	9.0	9.0
47	9.0	9.0	9.0	9.0	9.0	9.0
48	9.0	9.0	9.0	9.0	9.0	9.0
49	9.0	9.0	9.0	9.0	9.0	9.0
50	9.0	9.0	9.0	9.0	9.0	9.0
51	9.0	9.0	9.0	9.0	9.0	9.0
52	9.0	9.0	9.0	9.0	9.0	9.0
53	9.0	9.0	9.0	9.0	9.0	9.0
54	9.0	9.0	9.0	9.0	9.0	9.0
55	9.0	9.0	9.0	9.0	9.0	9.0
56	9.0	9.0	9.0	9.0	9.0	9.0
57	9.0	9.0	9.0	9.0	9.0	9.0
58	9.0	9.0	9.0	9.0	9.0	9.0
59	9.0	9.0	9.0	9.0	9.0	9.0
60	9.0	9.0	9.0	9.0	9.0	9.0
61	9.0	9.0	9.0	9.0	9.0	9.0
62	9.0	9.0	9.0	9.0	9.0	9.0
63	9.0	9.0	9.0	9.0	9.0	9.0
64	9.0	9.0	9.0	9.0	9.0	9.0
65	9.0	9.0	9.0	9.0	9.0	9.0
66	9.0	9.0	9.0	9.0	9.0	9.0
67	9.0	9.0	9.0	9.0	9.0	9.0
68	9.0	9.0	9.0	9.0	9.0	9.0
69	9.0	9.0	9.0	9.0	9.0	9.0
70	9.0	9.0	9.0	9.0	9.0	9.0
71	9.0	9.0	9.0	9.0	9.0	9.0
72	9.0	9.0	9.0	9.0	9.0	9.0
73	9.0	9.0	9.0	9.0	9.0	9.0
74	9.0	9.0	9.0	9.0	9.0	9.0
75	9.0	9.0	9.0	9.0	9.0	9.0
>>END_MODULE
>>Per sequence quality scores	fail
#Quality	Count
9	1.1607325E7
>>END_MODULE
>>Per base sequence content	pass
#Base	G	A	T	C
1	25.979551705496313	24.06634603580067	24.00377347924694	25.95032877945608
2	25.870129422584448	23.736692131908082	24.380845715959534	26.01233272954794
3	25.776998576330033	23.79699887786376	24.575670966394068	25.85033157941214
4	25.71744135707409	23.8592268244406	24.623433909190965	25.799897909294344
5	25.763576017730184	23.648799357302394	24.6669495340227	25.920675090944727
6	25.803128627827686	23.622376387324383	24.769496847895617	25.80499813695231
7	25.703975722227128	23.739690238707023	24.567977548660007	25.988356490405845
8	25.789283922006145	23.814401681696687	24.413600894262892	25.982713502034276
9	25.850254042167336	23.95245243843866	24.41347166552156	25.783821853872446
10	25.80421414925489	23.897400994630548	24.166644769574386	26.131740086540177
11	25.875660412713525	23.74471292912019	24.3093219152561	26.07030474291019
12	25.955635773100177	23.998276950115553	24.207765355066734	25.83832192171754
13	25.935596702944046	23.75793733698333	24.40210815153362	25.904357808539004
14	25.81145957401899	23.81726194450487	24.43530270755751	25.935975773918624
15	25.83981235986758	23.7989890004803	24.496384825961194	25.864813813690922
16	25.792557716786597	23.824438447273597	24.37194616330636	26.01105767263345
17	25.856620711490375	23.762537880174804	24.368525909285733	26.012315499049095
18	25.850951877370537	23.9222904502114	24.392726144912803	25.834031527505264
19	25.84020004609158	23.766793813389388	24.643507440344784	25.749498700174243
20	25.803163088825375	23.84279754379239	24.418304820447435	25.935734546934803
21	25.78463168731814	23.804442453364576	24.434303338624535	25.976622520692754
22	25.83937298214705	23.715929380800485	24.42318105162042	26.021516585432042
23	25.83065434973174	23.76594090369659	24.390779098543376	26.012625648028294
24	25.93900834171525	23.875569952594592	24.35814453373193	25.827277171958222
25	25.883121218713185	23.845235659378883	24.31624857579158	25.955394546116356
26	25.91041432888284	23.878188988418948	24.359462666893535	25.851934015804673
27	25.999039399689423	23.750037153263133	24.2980100927647	25.952913354282746
28	25.9735813376467	23.882160618402605	24.033840699730558	26.11041734422014
29	26.046526654504802	23.89565209899783	24.163767276267357	25.894053970230008
30	25.97712220515924	23.72470831996175	24.224444477948193	26.07372499693082
31	26.054616373712292	23.726431369846196	24.226219219329174	25.99273303711234
32	25.960176009545698	23.85960589541518	24.269941610147043	25.91027648489208
33	26.033388399135895	23.946128845362736	24.057799708373807	25.962683047127566
34	26.004337778084096	23.998035723131732	24.113411143394366	25.884215355389806
35	25.923294126769086	23.928036821576033	24.2186377998376	25.930031251817283
36	25.883000605221273	24.020866134100665	24.137516611277793	25.958616649400273
37	26.082176556614034	23.74733196494455	24.203543882849836	25.966947595591577
38	25.925904547344025	24.01877262849106	24.02004768540555	26.03527513875936
39	25.96135629871654	24.001094136676624	24.108896752697113	25.928652811909718
40	26.043037478488802	23.952771202667282	24.13358805754125	25.870603261302673
41	26.03728249187474	23.84895744712929	23.953021044900527	26.16073901609544
42	25.97388287137648	24.054672372833533	24.073393309828063	25.898051445961922
43	25.978457568819692	24.08277531644888	23.96995001001523	25.9688171047162
44	25.942695668467973	24.048357395007034	24.02476884208894	25.984178094436057
45	25.91772867564232	24.104141135016036	23.975825610121195	26.002304579220446
46	25.95957294208614	24.108216147992756	23.995769912533678	25.93644099738743
47	26.088508764939384	24.023019946456227	24.055757894260736	25.83271339434366
48	25.909337422705057	24.09350130197957	24.020056300654975	25.9771049746604
49	25.92676607228625	23.926899608652295	23.973215189546256	26.1731191295152
50	25.875669027962942	23.999629544274846	24.00150766864889	26.123193759113317
51	26.089180754394313	24.040707053520084	23.94884264893074	25.921269543154864
52	26.09850245426918	23.91426965299929	23.97965078086467	26.00757711186686
53	25.974356710094703	23.914683184971558	23.996596976478216	26.11436312845552
54	26.031527505260687	24.104925122713457	23.93079370139115	25.932753670634707
55	26.04407992366889	24.0930877700073	23.82636826314418	26.03646404317963
56	26.01254811078349	23.991557055566204	23.937866821166807	26.058028012483497
57	26.092230552689788	24.1578572151637	23.846872556769107	25.903039675377403
58	25.88884174432955	24.06943891034325	23.991660438559272	26.050058906767926
59	25.993956402530298	24.04569528293556	23.84083326692412	26.11951504761002
60	25.860230500998295	23.99277180573474	23.94291535732824	26.20408233593873
61	26.160954397330993	24.130710564234224	23.816736414290116	25.891598624144667
62	25.933994266551508	24.029317693783884	23.854514283006637	26.182173756657974
63	25.955049936139464	24.08958136349245	23.96061969489094	25.994749005477146
64	25.944815019825846	24.071291188969035	23.93668653199596	26.047207259209166
65	26.085019588923373	24.0650020568908	23.801091121339326	26.0488872328465
66	26.019896918540663	23.994512086118032	23.980563997303427	26.005026998037877
67	26.120014732076513	24.05266501971815	23.743618792443566	26.08370145576177
68	26.110727493199338	23.982709194409566	23.917086839560366	25.989476472830734
69	26.092178861193254	24.04112920074177	23.84271139129817	26.023980546766808
70	26.16919919102808	23.96976908977736	23.902483991789666	25.95854772740489
71	26.1592916541925	24.096594176522153	23.750510991981358	25.993603177303985
72	26.072389633270372	24.076606797862556	23.877060390744635	25.97394317812244
73	26.146222320818968	24.019212006211596	23.758075180974085	26.076490491995358
74	26.189255491683056	24.17088347229013	23.650694712175284	25.98916632385153
75	26.1468943102739	24.042257798416085	23.726965515310376	26.08388237599964
>>END_MODULE
>>Per base GC content	pass
#Base	%GC
1	51.92988048495239
2	51.88246215213238
3	51.62733015574217
4	51.51733926636843
5	51.68425110867491
6	51.608126764779996
7	51.69233221263298
8	51.77199742404043
9	51.63407589603979
10	51.935954235795066
11	51.94596515562371
12	51.79395769481771
13	51.83995451148306
14	51.74743534793762
15	51.70462617355851
16	51.803615389420045
17	51.86893621053946
18	51.684983404875794
19	51.58969874626583
20	51.738897635760175
21	51.76125420801089
22	51.86088956757909
23	51.843279997760035
24	51.76628551367348
25	51.83851576482954
26	51.76234834468752
27	51.951952753972165
28	52.08399868186684
29	51.940580624734814
30	52.050847202090054
31	52.04734941082463
32	51.87045249443778
33	51.99607144626346
34	51.888553133473906
35	51.85332537858637
36	51.84161725462154
37	52.049124152205614
38	51.961179686103385
39	51.890009110626266
40	51.91364073979147
41	52.19802150797018
42	51.87193431733841
43	51.947274673535894
44	51.92687376290402
45	51.92003325486277
46	51.89601393947356
47	51.92122215928304
48	51.886442397365464
49	52.09988520180144
50	51.99886278707626
51	52.010450297549184
52	52.106079566136046
53	52.088719838550226
54	51.96428117589539
55	52.08054396684852
56	52.07057612326699
57	51.99527022806719
58	51.93890065109748
59	52.113471450140324
60	52.06431283693702
61	52.05255302147567
62	52.11616802320948
63	51.949798941616606
64	51.99202227903501
65	52.13390682176987
66	52.02492391657854
67	52.20371618783828
68	52.100203966030065
69	52.11615940796006
70	52.12774691843297
71	52.15289483149649
72	52.0463328113928
73	52.22271281281432
74	52.17842181553459
75	52.230776686273536
>>END_MODULE
>>Per sequence GC content	fail
#GC Content	Count
0	10.0
1	16.5
2	15.0
3	21.5
4	36.0
5	47.5
6	101.5
7	177.5
8	211.0
9	251.0
10	500.0
11	915.0
12	1121.0
13	1485.5
14	3797.0
15	5905.0
16	6066.0
17	7473.0
18	11064.0
19	16955.5
20	20663.0
21	23967.0
22	34714.5
23	47938.5
24	53719.0
25	55453.0
26	64252.0
27	83058.0
28	94799.0
29	97253.5
30	108292.5
31	122445.5
32	128014.0
33	128422.0
34	134985.5
35	145313.0
36	149485.0
37	157842.0
38	171447.0
39	184919.5
40	193144.0
41	206609.0
42	231130.0
43	262009.5
44	281833.0
45	303197.0
46	350020.0
47	401255.0
48	427031.0
49	453346.5
50	511588.0
51	573178.0
52	602842.0
53	630355.5
54	684891.0
55	722842.5
56	733772.0
57	734606.5
58	719576.0
59	675348.5
60	646986.0
61	606559.0
62	515311.0
63	416064.5
64	367639.0
65	326966.0
66	240808.0
67	162775.5
68	130228.0
69	107439.5
70	68820.0
71	41232.5
72	29476.0
73	22373.5
74	11922.5
75	7304.0
76	6034.0
77	5028.5
78	3261.5
79	1689.0
80	878.0
81	552.0
82	157.5
83	55.5
84	22.0
85	12.0
86	2.0
87	2.0
88	2.0
89	1.5
90	0.5
91	0.0
92	0.0
93	0.0
94	0.0
95	0.0
96	0.0
97	0.0
98	0.0
99	0.0
100	0.0
>>END_MODULE
>>Per base N content	pass
#Base	N-Count
1	0.0
2	0.0
3	0.0
4	0.0
5	0.0
6	0.0
7	0.0
8	0.0
9	0.0
10	0.0
11	0.0
12	0.0
13	0.0
14	0.0
15	0.0
16	0.0
17	0.0
18	0.0
19	0.0
20	0.0
21	0.0
22	0.0
23	0.0
24	0.0
25	0.0
26	0.0
27	0.0
28	0.0
29	0.0
30	0.0
31	0.0
32	0.0
33	0.0
34	0.0
35	0.0
36	0.0
37	0.0
38	0.0
39	0.0
40	0.0
41	0.0
42	0.0
43	0.0
44	0.0
45	0.0
46	0.0
47	0.0
48	0.0
49	0.0
50	0.0
51	0.0
52	0.0
53	0.0
54	0.0
55	0.0
56	0.0
57	0.0
58	0.0
59	0.0
60	0.0
61	0.0
62	0.0
63	0.0
64	0.0
65	0.0
66	0.0
67	0.0
68	0.0
69	0.0
70	0.0
71	0.0
72	0.0
73	0.0
74	0.0
75	0.0
>>END_MODULE
>>Sequence Length Distribution	pass
#Length	Count
75	1.1607325E7
>>END_MODULE
>>Sequence Duplication Levels	fail
#Total Duplicate Percentage	50.8779003938697
#Duplication Level	Relative count
1	100.0
2	20.629896440086945
3	6.18076031494822
4	2.163134772358631
5	0.7400889157401874
6	0.24297506550476428
7	0.10047347303305118
8	0.04925170246718195
9	0.03743129387505828
10++	1.1938612678044904
>>END_MODULE
>>Overrepresented sequences	pass
>>END_MODULE
>>Kmer Content	pass
>>END_MODULE
