##FastQC	0.10.1
>>Basic Statistics	pass
#Measure	Value	
Filename	GSM794487_C2_R2_1.fq.gz	
File type	Conventional base calls	
Encoding	Illumina 1.5	
Total Sequences	11607377	
Filtered Sequences	0	
Sequence length	75	
%GC	51	
>>END_MODULE
>>Per base sequence quality	fail
#Base	Mean	Median	Lower Quartile	Upper Quartile	10th Percentile	90th Percentile
1	9.0	9.0	9.0	9.0	9.0	9.0
2	9.0	9.0	9.0	9.0	9.0	9.0
3	9.0	9.0	9.0	9.0	9.0	9.0
4	9.0	9.0	9.0	9.0	9.0	9.0
5	9.0	9.0	9.0	9.0	9.0	9.0
6	9.0	9.0	9.0	9.0	9.0	9.0
7	9.0	9.0	9.0	9.0	9.0	9.0
8	9.0	9.0	9.0	9.0	9.0	9.0
9	9.0	9.0	9.0	9.0	9.0	9.0
10	9.0	9.0	9.0	9.0	9.0	9.0
11	9.0	9.0	9.0	9.0	9.0	9.0
12	9.0	9.0	9.0	9.0	9.0	9.0
13	9.0	9.0	9.0	9.0	9.0	9.0
14	9.0	9.0	9.0	9.0	9.0	9.0
15	9.0	9.0	9.0	9.0	9.0	9.0
16	9.0	9.0	9.0	9.0	9.0	9.0
17	9.0	9.0	9.0	9.0	9.0	9.0
18	9.0	9.0	9.0	9.0	9.0	9.0
19	9.0	9.0	9.0	9.0	9.0	9.0
20	9.0	9.0	9.0	9.0	9.0	9.0
21	9.0	9.0	9.0	9.0	9.0	9.0
22	9.0	9.0	9.0	9.0	9.0	9.0
23	9.0	9.0	9.0	9.0	9.0	9.0
24	9.0	9.0	9.0	9.0	9.0	9.0
25	9.0	9.0	9.0	9.0	9.0	9.0
26	9.0	9.0	9.0	9.0	9.0	9.0
27	9.0	9.0	9.0	9.0	9.0	9.0
28	9.0	9.0	9.0	9.0	9.0	9.0
29	9.0	9.0	9.0	9.0	9.0	9.0
30	9.0	9.0	9.0	9.0	9.0	9.0
31	9.0	9.0	9.0	9.0	9.0	9.0
32	9.0	9.0	9.0	9.0	9.0	9.0
33	9.0	9.0	9.0	9.0	9.0	9.0
34	9.0	9.0	9.0	9.0	9.0	9.0
35	9.0	9.0	9.0	9.0	9.0	9.0
36	9.0	9.0	9.0	9.0	9.0	9.0
37	9.0	9.0	9.0	9.0	9.0	9.0
38	9.0	9.0	9.0	9.0	9.0	9.0
39	9.0	9.0	9.0	9.0	9.0	9.0
40	9.0	9.0	9.0	9.0	9.0	9.0
41	9.0	9.0	9.0	9.0	9.0	9.0
42	9.0	9.0	9.0	9.0	9.0	9.0
43	9.0	9.0	9.0	9.0	9.0	9.0
44	9.0	9.0	9.0	9.0	9.0	9.0
45	9.0	9.0	9.0	9.0	9.0	9.0
46	9.0	9.0	9.0	9.0	9.0	9.0
47	9.0	9.0	9.0	9.0	9.0	9.0
48	9.0	9.0	9.0	9.0	9.0	9.0
49	9.0	9.0	9.0	9.0	9.0	9.0
50	9.0	9.0	9.0	9.0	9.0	9.0
51	9.0	9.0	9.0	9.0	9.0	9.0
52	9.0	9.0	9.0	9.0	9.0	9.0
53	9.0	9.0	9.0	9.0	9.0	9.0
54	9.0	9.0	9.0	9.0	9.0	9.0
55	9.0	9.0	9.0	9.0	9.0	9.0
56	9.0	9.0	9.0	9.0	9.0	9.0
57	9.0	9.0	9.0	9.0	9.0	9.0
58	9.0	9.0	9.0	9.0	9.0	9.0
59	9.0	9.0	9.0	9.0	9.0	9.0
60	9.0	9.0	9.0	9.0	9.0	9.0
61	9.0	9.0	9.0	9.0	9.0	9.0
62	9.0	9.0	9.0	9.0	9.0	9.0
63	9.0	9.0	9.0	9.0	9.0	9.0
64	9.0	9.0	9.0	9.0	9.0	9.0
65	9.0	9.0	9.0	9.0	9.0	9.0
66	9.0	9.0	9.0	9.0	9.0	9.0
67	9.0	9.0	9.0	9.0	9.0	9.0
68	9.0	9.0	9.0	9.0	9.0	9.0
69	9.0	9.0	9.0	9.0	9.0	9.0
70	9.0	9.0	9.0	9.0	9.0	9.0
71	9.0	9.0	9.0	9.0	9.0	9.0
72	9.0	9.0	9.0	9.0	9.0	9.0
73	9.0	9.0	9.0	9.0	9.0	9.0
74	9.0	9.0	9.0	9.0	9.0	9.0
75	9.0	9.0	9.0	9.0	9.0	9.0
>>END_MODULE
>>Per sequence quality scores	fail
#Quality	Count
9	1.1607377E7
>>END_MODULE
>>Per base sequence content	pass
#Base	G	A	T	C
1	25.95713053862212	24.055451976790277	23.988253332342012	25.99916415224559
2	25.86559392358842	23.753437146049446	24.390954132014496	25.990014798347637
3	25.810758106676467	23.821497311580387	24.50642380272477	25.861320779018378
4	25.725019528529142	23.8829668408289	24.62758812779149	25.764425502850475
5	25.753527261154694	23.6702745159393	24.668157155574423	25.908041067331578
6	25.807096642075123	23.641491096567297	24.737388989777795	25.81402327157979
7	25.7283622303299	23.718399083617257	24.584692993085348	25.9685456929675
8	25.769163868805155	23.792162518715468	24.433892342774772	26.0047812697046
9	25.846330312179916	23.93618299810543	24.398837049920925	25.81864963979373
10	25.798214359712794	23.90532331292419	24.147212587305468	26.149249740057552
11	25.862561369377424	23.757779212306104	24.321696452178646	26.057962966137826
12	25.98365677275753	23.983928496507005	24.190228334963187	25.842186395772277
13	25.9433462012994	23.75463466035436	24.41538686991902	25.886632268427224
14	25.843030686433295	23.82817409997108	24.40793471255392	25.92086050104171
15	25.842031321977394	23.800786344752996	24.48764264312256	25.869539690147054
16	25.779088591677517	23.825029548019334	24.3842773436238	26.01160451667935
17	25.85283479635408	23.751300573764425	24.369166263833765	26.02669836604773
18	25.833123193982587	23.928498230048014	24.38742189557555	25.850956680393857
19	25.855195364120593	23.798701463732936	24.62189347343504	25.72420969871143
20	25.833080117928453	23.825985836421097	24.400448094345517	25.940485951304932
21	25.80178105699505	23.81699155631802	24.388085266809203	25.993142119877728
22	25.848845953741318	23.71770125154029	24.40240374720318	26.031049047515214
23	25.81956285214136	23.774501336520732	24.400465324767172	26.005470486570736
24	25.974136964794027	23.888471960547157	24.319835566640077	25.817555508018735
25	25.875113731551924	23.897276706012047	24.282023406321688	25.94558615611434
26	25.91010010271916	23.88762766988614	24.34196804325387	25.860304184140826
27	26.011337445143724	23.756943536855914	24.285081806165167	25.9466372118352
28	25.98781791958683	23.876496817498044	24.01188485563965	26.12380040727548
29	26.051889242505005	23.882639462817483	24.178356574443992	25.887114720233523
30	25.9875508480512	23.745244080553256	24.20192779126585	26.065277280129695
31	26.03751045563524	23.743960414140076	24.21782285524111	26.00070627498357
32	25.977944887979433	23.859567928223576	24.24839823846507	25.91408894533192
33	26.026129762133166	23.936630989068416	24.064799480537246	25.972439768261168
34	26.025061475990658	24.00269242568756	24.12885357303377	25.84339252528801
35	25.935213442278993	23.941257357282357	24.195802376368064	25.92772682407059
36	25.89837480078402	24.017743199001806	24.137374016541376	25.946507983672795
37	26.097325864405025	23.743581344863703	24.18696317005987	25.972129620671407
38	25.909609035702037	24.025160895523598	24.015244787862063	26.049985280912303
39	25.97133702127535	24.00021124496947	24.06714281788211	25.961308915873072
40	26.03695908214233	23.923466946925217	24.149323313958014	25.89025065697444
41	26.06174504369075	23.8763848197573	23.935381783498546	26.126488353053407
42	25.96822693016691	24.055141829200515	24.065497312614212	25.911133928018366
43	25.976816295361132	24.089404522658306	23.96667222922112	25.96710695275944
44	25.930096007047933	24.04682815075275	24.025970725341306	25.99710511685801
45	25.910237946092384	24.092454307290957	23.972237655415174	26.025070091201485
46	25.992203061897616	24.089352831393345	23.99814359437106	25.920300512337974
47	26.098669837293993	24.033129965538294	24.014236808195342	25.853963388972375
48	25.901278126832615	24.072932239557655	24.04189163494905	25.983897998660677
49	25.916535665206702	23.905254391237573	23.98814994981209	26.190059993743635
50	25.894067195370667	23.965466099705385	23.97914705449819	26.161319650425757
51	26.081585874224643	24.0420036326898	23.943979763903595	25.932430729181966
52	26.095999121937712	23.954705701382835	23.962881536457374	25.98641364022208
53	25.957078847357156	23.927895165290142	24.007947704291848	26.107078283060854
54	26.019926810337946	24.100733524895418	23.92570690174016	25.95363276302648
55	26.03513265744707	24.053384326191868	23.835927789715107	26.075555226645953
56	26.008227354035284	23.986151220900297	23.928782532005293	26.07683889305913
57	26.122930270981982	24.14070810313131	23.848307847673077	25.88805377821363
58	25.921368798480483	24.01998315381675	23.99568825928545	26.062959788417317
59	25.989997567925982	24.050463769721617	23.83733206907986	26.122206593272534
60	25.880360394945384	23.975942196070655	23.93203046648696	26.211666942496997
61	26.148818979516214	24.106988167955603	23.823745881606154	25.92044697092203
62	25.9418299241939	24.031553381957007	23.85059949375298	26.176017200096112
63	25.969398598839344	24.08213328472057	23.94571142127976	26.00275669516033
64	25.959344647804585	24.063093668793563	23.949648572627563	26.027913110774293
65	26.07710596459476	24.050472384932444	23.795479374883747	26.076942275589047
66	25.996527897732623	23.992388633538827	23.986728440025683	26.024355028702868
67	26.110438215283267	24.079161036985358	23.73693040210549	26.07347034562589
68	26.090623230381848	23.997454377504926	23.907735571955662	26.00418682015756
69	26.084670119700597	24.021568352608863	23.83112911728464	26.0626324104059
70	26.180824487737407	23.974839449084836	23.888988873196762	25.955347189980994
71	26.173243102209913	24.06069002497291	23.753290687465395	26.012776185351782
72	26.071428540659962	24.054960909773154	23.845619901895148	26.027990647671732
73	26.193049471900498	23.999866636536403	23.719631058765472	26.087452832797624
74	26.181754930506695	24.165873133956104	23.651191823958158	26.001180111579043
75	26.139454245347594	24.069055394685638	23.71412593904721	26.077364420919558
>>END_MODULE
>>Per base GC content	pass
#Base	%GC
1	51.95629469086771
2	51.855608721936065
3	51.67207888569485
4	51.48944503137961
5	51.661568328486275
6	51.62111991365491
7	51.696907923297395
8	51.77394513850976
9	51.66497995197364
10	51.94746409977034
11	51.92052433551525
12	51.82584316852981
13	51.829978469726626
14	51.763891187475
15	51.711571012124445
16	51.79069310835687
17	51.879533162401806
18	51.684079874376444
19	51.57940506283203
20	51.77356606923339
21	51.79492317687278
22	51.87989500125653
23	51.8250333387121
24	51.79169247281277
25	51.820699887666265
26	51.770404286859986
27	51.95797465697892
28	52.111618326862306
29	51.939003962738525
30	52.05282812818089
31	52.038216730618814
32	51.892033833311345
33	51.998569530394334
34	51.86845400127867
35	51.862940266349575
36	51.844882784456814
37	52.06945548507643
38	51.95959431661434
39	51.932645937148415
40	51.927209739116776
41	52.18823339674415
42	51.87936085818527
43	51.94392324812057
44	51.927201123905945
45	51.93530803729387
46	51.91250357423559
47	51.952633226266364
48	51.885176125493295
49	52.10659565895034
50	52.05538684579643
51	52.01401660340661
52	52.08241276215979
53	52.06415713041801
54	51.973559573364426
55	52.11068788409302
56	52.08506624709442
57	52.010984049195606
58	51.984328586897796
59	52.11220416119852
60	52.09202733744238
61	52.06926595043825
62	52.11784712429001
63	51.97215529399967
64	51.98725775857888
65	52.154048240183805
66	52.02088292643548
67	52.18390856090915
68	52.09481005053941
69	52.1473025301065
70	52.1361716777184
71	52.18601928756169
72	52.099419188331694
73	52.28050230469813
74	52.18293504208573
75	52.21681866626715
>>END_MODULE
>>Per sequence GC content	fail
#GC Content	Count
0	8.0
1	10.5
2	8.5
3	14.0
4	24.0
5	44.5
6	99.5
7	177.5
8	221.0
9	275.5
10	507.0
11	943.0
12	1202.0
13	1533.0
14	3865.5
15	5867.0
16	5867.0
17	7447.5
18	11224.0
19	17006.5
20	20593.0
21	23895.0
22	34758.5
23	48153.5
24	53987.0
25	55710.5
26	64408.0
27	83207.5
28	95033.0
29	97284.0
30	107605.5
31	121807.5
32	127939.0
33	128320.5
34	134603.0
35	144569.5
36	148635.0
37	157207.0
38	170984.5
39	184401.0
40	192612.0
41	205541.5
42	230527.0
43	261694.5
44	280806.0
45	302605.0
46	349509.0
47	400712.0
48	426810.0
49	453370.0
50	511292.5
51	573209.0
52	603763.0
53	630667.5
54	685289.5
55	724537.0
56	736067.0
57	735894.0
58	721108.5
59	675867.5
60	645239.0
61	606726.0
62	516653.0
63	416594.0
64	368095.0
65	327276.0
66	239797.0
67	161942.0
68	130747.0
69	108161.0
70	69385.0
71	41256.0
72	29317.0
73	22318.0
74	11907.0
75	7221.5
76	5948.0
77	4825.5
78	3073.0
79	1660.5
80	878.0
81	559.0
82	174.5
83	61.5
84	14.0
85	10.0
86	4.5
87	2.5
88	2.0
89	1.5
90	0.5
91	0.0
92	0.0
93	0.0
94	0.0
95	0.0
96	0.0
97	0.0
98	0.0
99	0.0
100	0.0
>>END_MODULE
>>Per base N content	pass
#Base	N-Count
1	0.0
2	0.0
3	0.0
4	0.0
5	0.0
6	0.0
7	0.0
8	0.0
9	0.0
10	0.0
11	0.0
12	0.0
13	0.0
14	0.0
15	0.0
16	0.0
17	0.0
18	0.0
19	0.0
20	0.0
21	0.0
22	0.0
23	0.0
24	0.0
25	0.0
26	0.0
27	0.0
28	0.0
29	0.0
30	0.0
31	0.0
32	0.0
33	0.0
34	0.0
35	0.0
36	0.0
37	0.0
38	0.0
39	0.0
40	0.0
41	0.0
42	0.0
43	0.0
44	0.0
45	0.0
46	0.0
47	0.0
48	0.0
49	0.0
50	0.0
51	0.0
52	0.0
53	0.0
54	0.0
55	0.0
56	0.0
57	0.0
58	0.0
59	0.0
60	0.0
61	0.0
62	0.0
63	0.0
64	0.0
65	0.0
66	0.0
67	0.0
68	0.0
69	0.0
70	0.0
71	0.0
72	0.0
73	0.0
74	0.0
75	0.0
>>END_MODULE
>>Sequence Length Distribution	pass
#Length	Count
75	1.1607377E7
>>END_MODULE
>>Sequence Duplication Levels	fail
#Total Duplicate Percentage	50.56132449901991
#Duplication Level	Relative count
1	100.0
2	20.482993643095877
3	5.953863293793827
4	2.179041876925093
5	0.7667606003014614
6	0.2975293269545842
7	0.10813290517071893
8	0.04325316206828757
9	0.036699652664001575
10++	1.2019136247460516
>>END_MODULE
>>Overrepresented sequences	pass
>>END_MODULE
>>Kmer Content	pass
>>END_MODULE
