##FastQC	0.10.1
>>Basic Statistics	pass
#Measure	Value	
Filename	GSM794483_C1_R1_1.fq.gz	
File type	Conventional base calls	
Encoding	Illumina 1.5	
Total Sequences	11607353	
Filtered Sequences	0	
Sequence length	75	
%GC	51	
>>END_MODULE
>>Per base sequence quality	fail
#Base	Mean	Median	Lower Quartile	Upper Quartile	10th Percentile	90th Percentile
1	9.0	9.0	9.0	9.0	9.0	9.0
2	9.0	9.0	9.0	9.0	9.0	9.0
3	9.0	9.0	9.0	9.0	9.0	9.0
4	9.0	9.0	9.0	9.0	9.0	9.0
5	9.0	9.0	9.0	9.0	9.0	9.0
6	9.0	9.0	9.0	9.0	9.0	9.0
7	9.0	9.0	9.0	9.0	9.0	9.0
8	9.0	9.0	9.0	9.0	9.0	9.0
9	9.0	9.0	9.0	9.0	9.0	9.0
10	9.0	9.0	9.0	9.0	9.0	9.0
11	9.0	9.0	9.0	9.0	9.0	9.0
12	9.0	9.0	9.0	9.0	9.0	9.0
13	9.0	9.0	9.0	9.0	9.0	9.0
14	9.0	9.0	9.0	9.0	9.0	9.0
15	9.0	9.0	9.0	9.0	9.0	9.0
16	9.0	9.0	9.0	9.0	9.0	9.0
17	9.0	9.0	9.0	9.0	9.0	9.0
18	9.0	9.0	9.0	9.0	9.0	9.0
19	9.0	9.0	9.0	9.0	9.0	9.0
20	9.0	9.0	9.0	9.0	9.0	9.0
21	9.0	9.0	9.0	9.0	9.0	9.0
22	9.0	9.0	9.0	9.0	9.0	9.0
23	9.0	9.0	9.0	9.0	9.0	9.0
24	9.0	9.0	9.0	9.0	9.0	9.0
25	9.0	9.0	9.0	9.0	9.0	9.0
26	9.0	9.0	9.0	9.0	9.0	9.0
27	9.0	9.0	9.0	9.0	9.0	9.0
28	9.0	9.0	9.0	9.0	9.0	9.0
29	9.0	9.0	9.0	9.0	9.0	9.0
30	9.0	9.0	9.0	9.0	9.0	9.0
31	9.0	9.0	9.0	9.0	9.0	9.0
32	9.0	9.0	9.0	9.0	9.0	9.0
33	9.0	9.0	9.0	9.0	9.0	9.0
34	9.0	9.0	9.0	9.0	9.0	9.0
35	9.0	9.0	9.0	9.0	9.0	9.0
36	9.0	9.0	9.0	9.0	9.0	9.0
37	9.0	9.0	9.0	9.0	9.0	9.0
38	9.0	9.0	9.0	9.0	9.0	9.0
39	9.0	9.0	9.0	9.0	9.0	9.0
40	9.0	9.0	9.0	9.0	9.0	9.0
41	9.0	9.0	9.0	9.0	9.0	9.0
42	9.0	9.0	9.0	9.0	9.0	9.0
43	9.0	9.0	9.0	9.0	9.0	9.0
44	9.0	9.0	9.0	9.0	9.0	9.0
45	9.0	9.0	9.0	9.0	9.0	9.0
46	9.0	9.0	9.0	9.0	9.0	9.0
47	9.0	9.0	9.0	9.0	9.0	9.0
48	9.0	9.0	9.0	9.0	9.0	9.0
49	9.0	9.0	9.0	9.0	9.0	9.0
50	9.0	9.0	9.0	9.0	9.0	9.0
51	9.0	9.0	9.0	9.0	9.0	9.0
52	9.0	9.0	9.0	9.0	9.0	9.0
53	9.0	9.0	9.0	9.0	9.0	9.0
54	9.0	9.0	9.0	9.0	9.0	9.0
55	9.0	9.0	9.0	9.0	9.0	9.0
56	9.0	9.0	9.0	9.0	9.0	9.0
57	9.0	9.0	9.0	9.0	9.0	9.0
58	9.0	9.0	9.0	9.0	9.0	9.0
59	9.0	9.0	9.0	9.0	9.0	9.0
60	9.0	9.0	9.0	9.0	9.0	9.0
61	9.0	9.0	9.0	9.0	9.0	9.0
62	9.0	9.0	9.0	9.0	9.0	9.0
63	9.0	9.0	9.0	9.0	9.0	9.0
64	9.0	9.0	9.0	9.0	9.0	9.0
65	9.0	9.0	9.0	9.0	9.0	9.0
66	9.0	9.0	9.0	9.0	9.0	9.0
67	9.0	9.0	9.0	9.0	9.0	9.0
68	9.0	9.0	9.0	9.0	9.0	9.0
69	9.0	9.0	9.0	9.0	9.0	9.0
70	9.0	9.0	9.0	9.0	9.0	9.0
71	9.0	9.0	9.0	9.0	9.0	9.0
72	9.0	9.0	9.0	9.0	9.0	9.0
73	9.0	9.0	9.0	9.0	9.0	9.0
74	9.0	9.0	9.0	9.0	9.0	9.0
75	9.0	9.0	9.0	9.0	9.0	9.0
>>END_MODULE
>>Per sequence quality scores	fail
#Quality	Count
9	1.1607353E7
>>END_MODULE
>>Per base sequence content	pass
#Base	G	A	T	C
1	25.98756150519416	24.028992656637563	24.00429279612673	25.979153042041542
2	25.869765483999668	23.739107443359394	24.37684112820554	26.014285944435393
3	25.8522765698605	23.773964658436768	24.499237681493792	25.87452109020894
4	25.726511462174017	23.896550746755096	24.575215382869807	25.801722408201076
5	25.764142780873467	23.651413031033	24.639622832182326	25.94482135591121
6	25.792667802900453	23.59966996782126	24.77327948930303	25.834382739975254
7	25.754717720741326	23.728648555790453	24.534456736174043	25.982176987294174
8	25.78868756726878	23.796639940217204	24.378710632820418	26.03596185969359
9	25.869067650479828	23.935603578180142	24.372731664144272	25.822597107195755
10	25.819952232003285	23.913341827374424	24.118599649722032	26.14810629090026
11	25.902443046231127	23.750100475104013	24.25666730390641	26.09078917475845
12	25.996271501349188	23.94765628304748	24.20462270769227	25.851449507911063
13	25.96417115943661	23.7159238630892	24.4406110505987	25.87929392687549
14	25.847581270251712	23.81543836910965	24.402902194841495	25.934078165797146
15	25.883300008193082	23.78177867081323	24.47396060066408	25.860960720329608
16	25.801808560487476	23.834641713748173	24.323607630439085	26.039942095325262
17	25.891088174883624	23.744853800862266	24.37300735146075	25.99105067279336
18	25.88468706000412	23.908034846532196	24.361893706515172	25.845384386948517
19	25.861891165022723	23.804755485596072	24.57806702354964	25.755286325831566
20	25.847831111882268	23.84000038596224	24.365236415227486	25.946932086928005
21	25.829136065733504	23.80450564396551	24.354398457598386	26.011959832702598
22	25.86353667369296	23.701157361200266	24.399016726724863	26.03628923838191
23	25.858591532453612	23.761662111938872	24.36796744270636	26.011778912901157
24	25.977593685657702	23.89909223920389	24.282452683225884	25.840861391912522
25	25.891363862200105	23.859143424000287	24.254263655115857	25.99522905868375
26	25.944674897024328	23.827758146064827	24.345602309156963	25.881964647753886
27	26.00690269349093	23.750014322817613	24.27763677041613	25.965446213275328
28	25.996590264808866	23.853750290871655	23.996478783750266	26.15318066056921
29	26.040631313616462	23.869386930853228	24.175770306976965	25.914211448553342
30	26.026433416817767	23.755571145290403	24.20999861036362	26.007996827528206
31	26.081071196852545	23.70089028911243	24.17921639843296	26.038822115602066
32	25.960216769490856	23.83527062543889	24.28896579607771	25.91554680899254
33	26.06345305428378	23.89953161586453	24.08329444275538	25.95372088709631
34	26.020643983171706	23.987062338846762	24.122984801099786	25.869308876881746
35	25.936387047072664	23.953549099437225	24.160883191887073	25.949180661603037
36	25.881637269065568	24.034894088255953	24.1055131174179	25.977955525260583
37	26.138698461225395	23.677353484467993	24.192190932764774	25.991757121541838
38	25.92209438275893	24.06904485458485	23.982013814863734	26.026846947792492
39	25.993247556096556	23.996427092378426	24.073998611052836	25.936326740472182
40	26.059524510023945	23.918803882332174	24.09025554749649	25.931416060147388
41	26.04539553505437	23.870773982664264	23.921586601182888	26.162243881098473
42	25.99412630941783	24.018266696980785	24.04631788143257	25.941289112168814
43	26.017387426745785	23.98950906378052	23.992713928834593	26.000389580639098
44	25.951308623077114	24.0515817861316	23.980023697047898	26.017085893743385
45	25.927832125033156	24.064521859548858	23.99320499686707	26.014441018550915
46	25.995633974429825	24.044241611330335	23.99542772585619	25.964696688383647
47	26.110225130570253	23.998210444706903	24.031827066860117	25.859737357862727
48	25.891329401285546	24.065865835216695	24.048936910939126	25.993867852558633
49	25.93677473236146	23.908792986652514	23.935732806609742	26.218699474376283
50	25.921560238583254	23.943624356043966	23.985778669779407	26.149036735593377
51	26.119124661755354	24.030284940933562	23.891416070485665	25.95917432682542
52	26.122019378578386	23.93086520242815	23.922904731164806	26.024210687828653
53	25.986269220898166	23.89497415991398	23.99446282024851	26.124293798939348
54	26.020962746631383	24.086895608326895	23.905398586568356	25.986743058473365
55	26.088807672171257	24.06883808909749	23.784949074952745	26.057405163778512
56	26.0420183654275	23.99186963642787	23.896791973157015	26.069320024987608
57	26.152724053451294	24.1065469448547	23.823734834289954	25.916994167404056
58	25.909533379401832	24.02511580374957	23.96399937177753	26.10135144507107
59	25.992394648461197	24.050995950584085	23.82476004649811	26.13184935445661
60	25.879629920792453	23.92645420536448	23.928496014552156	26.265419859290915
61	26.204148353203355	24.09301242066128	23.812965798489973	25.889873427645387
62	25.98529570006185	24.003551886463693	23.829265811076823	26.181886602397636
63	25.991007596650157	24.07405030242468	23.91017142323491	26.024770677690253
64	25.96405054623565	24.071405427232204	23.890769928337665	26.07377409819448
65	26.08423298576342	24.0515817861316	23.77979716822604	26.08438805987894
66	26.0641681182609	23.985856206837166	23.893294190329183	26.056681484572753
67	26.11904712469759	24.064203096089177	23.7578972570232	26.05885252219003
68	26.12187291969151	24.006782597203685	23.881870397152564	25.989474085952242
69	26.078900159235268	24.001570383876498	23.82084011746692	26.098689339421316
70	26.15397326160409	23.956969345207302	23.89438832436646	25.99466906882215
71	26.183316730351873	24.08264830060738	23.74703345370818	25.987001515332565
72	26.119357272928635	24.03671190149899	23.8308768588325	26.013053966739875
73	26.214538318943177	23.98904384143396	23.676207659058875	26.12021018056399
74	26.254073603172056	24.114136961286523	23.615944134722188	26.01584530081923
75	26.17279753618245	24.05753490912183	23.670168383782244	26.09949917091347
>>END_MODULE
>>Per base GC content	pass
#Base	%GC
1	51.9667145472357
2	51.884051428435065
3	51.726797660069444
4	51.5282338703751
5	51.70896413678467
6	51.62705054287571
7	51.7368947080355
8	51.824649426962374
9	51.69166475767558
10	51.96805852290354
11	51.99323222098957
12	51.84772100926025
13	51.8434650863121
14	51.781659436048855
15	51.74426072852268
16	51.841750655812746
17	51.882138847676984
18	51.73007144695263
19	51.617177490854296
20	51.794763198810266
21	51.84109589843611
22	51.899825912074874
23	51.870370445354766
24	51.81845507757023
25	51.88659292088386
26	51.82663954477821
27	51.97234890676625
28	52.14977092537808
29	51.954842762169804
30	52.03443024434598
31	52.119893312454614
32	51.8757635784834
33	52.01717394138009
34	51.88995286005345
35	51.885567708675694
36	51.85959279432615
37	52.13045558276723
38	51.94894133055142
39	51.92957429656874
40	51.99094057017134
41	52.20763941615285
42	51.93541542158664
43	52.01777700738489
44	51.9683945168205
45	51.942273143584075
46	51.96033066281348
47	51.96996248843298
48	51.88519725384418
49	52.15547420673775
50	52.07059697417663
51	52.07829898858078
52	52.14623006640704
53	52.11056301983751
54	52.00770580510474
55	52.14621283594977
56	52.111338390415106
57	52.06971822085536
58	52.0108848244729
59	52.124244002917806
60	52.14504978008336
61	52.09402178084874
62	52.16718230245948
63	52.015778274340406
64	52.03782464443013
65	52.16862104564236
66	52.12084960283365
67	52.177899646887624
68	52.11134700564375
69	52.17758949865659
70	52.14864233042624
71	52.170318245684435
72	52.13241123966851
73	52.334748499507164
74	52.26991890399128
75	52.27229670709592
>>END_MODULE
>>Per sequence GC content	fail
#GC Content	Count
0	5.0
1	12.0
2	12.0
3	14.0
4	23.0
5	36.0
6	75.5
7	143.0
8	184.0
9	225.5
10	499.5
11	976.0
12	1220.0
13	1546.0
14	3772.0
15	5698.5
16	5725.0
17	7092.5
18	10560.5
19	16242.0
20	19823.0
21	22760.0
22	33781.0
23	47758.5
24	53652.0
25	54981.0
26	63094.5
27	82400.5
28	94922.0
29	97220.0
30	107826.5
31	122372.0
32	128609.0
33	128569.5
34	133568.0
35	143817.0
36	149028.0
37	156432.5
38	169805.5
39	184452.5
40	193131.0
41	206780.0
42	231763.0
43	262885.5
44	282674.0
45	302511.5
46	348622.5
47	401045.5
48	427195.0
49	452014.5
50	509964.0
51	572601.5
52	602109.0
53	629838.0
54	685175.5
55	722451.0
56	732118.0
57	735782.5
58	723266.5
59	678413.5
60	649741.0
61	608846.5
62	516702.0
63	417346.0
64	369240.0
65	328078.5
66	241105.5
67	163577.5
68	131861.0
69	108848.0
70	69545.0
71	41382.0
72	29509.0
73	22604.5
74	12278.5
75	7448.5
76	6040.0
77	4979.0
78	3233.5
79	1728.5
80	908.0
81	572.0
82	157.5
83	47.0
84	15.0
85	9.0
86	1.5
87	0.5
88	1.0
89	0.5
90	0.0
91	0.0
92	0.0
93	0.0
94	0.0
95	0.0
96	0.0
97	0.0
98	0.0
99	0.0
100	0.0
>>END_MODULE
>>Per base N content	pass
#Base	N-Count
1	0.0
2	0.0
3	0.0
4	0.0
5	0.0
6	0.0
7	0.0
8	0.0
9	0.0
10	0.0
11	0.0
12	0.0
13	0.0
14	0.0
15	0.0
16	0.0
17	0.0
18	0.0
19	0.0
20	0.0
21	0.0
22	0.0
23	0.0
24	0.0
25	0.0
26	0.0
27	0.0
28	0.0
29	0.0
30	0.0
31	0.0
32	0.0
33	0.0
34	0.0
35	0.0
36	0.0
37	0.0
38	0.0
39	0.0
40	0.0
41	0.0
42	0.0
43	0.0
44	0.0
45	0.0
46	0.0
47	0.0
48	0.0
49	0.0
50	0.0
51	0.0
52	0.0
53	0.0
54	0.0
55	0.0
56	0.0
57	0.0
58	0.0
59	0.0
60	0.0
61	0.0
62	0.0
63	0.0
64	0.0
65	0.0
66	0.0
67	0.0
68	0.0
69	0.0
70	0.0
71	0.0
72	0.0
73	0.0
74	0.0
75	0.0
>>END_MODULE
>>Sequence Length Distribution	pass
#Length	Count
75	1.1607353E7
>>END_MODULE
>>Sequence Duplication Levels	fail
#Total Duplicate Percentage	50.42038487710958
#Duplication Level	Relative count
1	100.0
2	19.90073699205766
3	5.675424274553935
4	2.079579530744863
5	0.7831760259670988
6	0.2784047667059122
7	0.09757176403244587
8	0.042281097747393206
9	0.026019137075318898
10++	1.2124917877098607
>>END_MODULE
>>Overrepresented sequences	pass
>>END_MODULE
>>Kmer Content	pass
>>END_MODULE
