##FastQC	0.10.1
>>Basic Statistics	pass
#Measure	Value	
Filename	GSM794485_C1_R3_2.fq.gz	
File type	Conventional base calls	
Encoding	Illumina 1.5	
Total Sequences	11607337	
Filtered Sequences	0	
Sequence length	75	
%GC	51	
>>END_MODULE
>>Per base sequence quality	fail
#Base	Mean	Median	Lower Quartile	Upper Quartile	10th Percentile	90th Percentile
1	9.0	9.0	9.0	9.0	9.0	9.0
2	9.0	9.0	9.0	9.0	9.0	9.0
3	9.0	9.0	9.0	9.0	9.0	9.0
4	9.0	9.0	9.0	9.0	9.0	9.0
5	9.0	9.0	9.0	9.0	9.0	9.0
6	9.0	9.0	9.0	9.0	9.0	9.0
7	9.0	9.0	9.0	9.0	9.0	9.0
8	9.0	9.0	9.0	9.0	9.0	9.0
9	9.0	9.0	9.0	9.0	9.0	9.0
10	9.0	9.0	9.0	9.0	9.0	9.0
11	9.0	9.0	9.0	9.0	9.0	9.0
12	9.0	9.0	9.0	9.0	9.0	9.0
13	9.0	9.0	9.0	9.0	9.0	9.0
14	9.0	9.0	9.0	9.0	9.0	9.0
15	9.0	9.0	9.0	9.0	9.0	9.0
16	9.0	9.0	9.0	9.0	9.0	9.0
17	9.0	9.0	9.0	9.0	9.0	9.0
18	9.0	9.0	9.0	9.0	9.0	9.0
19	9.0	9.0	9.0	9.0	9.0	9.0
20	9.0	9.0	9.0	9.0	9.0	9.0
21	9.0	9.0	9.0	9.0	9.0	9.0
22	9.0	9.0	9.0	9.0	9.0	9.0
23	9.0	9.0	9.0	9.0	9.0	9.0
24	9.0	9.0	9.0	9.0	9.0	9.0
25	9.0	9.0	9.0	9.0	9.0	9.0
26	9.0	9.0	9.0	9.0	9.0	9.0
27	9.0	9.0	9.0	9.0	9.0	9.0
28	9.0	9.0	9.0	9.0	9.0	9.0
29	9.0	9.0	9.0	9.0	9.0	9.0
30	9.0	9.0	9.0	9.0	9.0	9.0
31	9.0	9.0	9.0	9.0	9.0	9.0
32	9.0	9.0	9.0	9.0	9.0	9.0
33	9.0	9.0	9.0	9.0	9.0	9.0
34	9.0	9.0	9.0	9.0	9.0	9.0
35	9.0	9.0	9.0	9.0	9.0	9.0
36	9.0	9.0	9.0	9.0	9.0	9.0
37	9.0	9.0	9.0	9.0	9.0	9.0
38	9.0	9.0	9.0	9.0	9.0	9.0
39	9.0	9.0	9.0	9.0	9.0	9.0
40	9.0	9.0	9.0	9.0	9.0	9.0
41	9.0	9.0	9.0	9.0	9.0	9.0
42	9.0	9.0	9.0	9.0	9.0	9.0
43	9.0	9.0	9.0	9.0	9.0	9.0
44	9.0	9.0	9.0	9.0	9.0	9.0
45	9.0	9.0	9.0	9.0	9.0	9.0
46	9.0	9.0	9.0	9.0	9.0	9.0
47	9.0	9.0	9.0	9.0	9.0	9.0
48	9.0	9.0	9.0	9.0	9.0	9.0
49	9.0	9.0	9.0	9.0	9.0	9.0
50	9.0	9.0	9.0	9.0	9.0	9.0
51	9.0	9.0	9.0	9.0	9.0	9.0
52	9.0	9.0	9.0	9.0	9.0	9.0
53	9.0	9.0	9.0	9.0	9.0	9.0
54	9.0	9.0	9.0	9.0	9.0	9.0
55	9.0	9.0	9.0	9.0	9.0	9.0
56	9.0	9.0	9.0	9.0	9.0	9.0
57	9.0	9.0	9.0	9.0	9.0	9.0
58	9.0	9.0	9.0	9.0	9.0	9.0
59	9.0	9.0	9.0	9.0	9.0	9.0
60	9.0	9.0	9.0	9.0	9.0	9.0
61	9.0	9.0	9.0	9.0	9.0	9.0
62	9.0	9.0	9.0	9.0	9.0	9.0
63	9.0	9.0	9.0	9.0	9.0	9.0
64	9.0	9.0	9.0	9.0	9.0	9.0
65	9.0	9.0	9.0	9.0	9.0	9.0
66	9.0	9.0	9.0	9.0	9.0	9.0
67	9.0	9.0	9.0	9.0	9.0	9.0
68	9.0	9.0	9.0	9.0	9.0	9.0
69	9.0	9.0	9.0	9.0	9.0	9.0
70	9.0	9.0	9.0	9.0	9.0	9.0
71	9.0	9.0	9.0	9.0	9.0	9.0
72	9.0	9.0	9.0	9.0	9.0	9.0
73	9.0	9.0	9.0	9.0	9.0	9.0
74	9.0	9.0	9.0	9.0	9.0	9.0
75	9.0	9.0	9.0	9.0	9.0	9.0
>>END_MODULE
>>Per sequence quality scores	fail
#Quality	Count
9	1.1607337E7
>>END_MODULE
>>Per base sequence content	pass
#Base	G	A	T	C
1	25.940127352208346	24.080019387737256	23.987172940701214	25.992680319353184
2	25.841861918888025	23.741750584134845	24.393993213085828	26.0223942838913
3	25.827483082467577	23.782629900381114	24.522265529121796	25.867621488029513
4	25.723049136938126	23.884117433654247	24.591618215271943	25.80121521413568
5	25.771940626863852	23.663136514430487	24.630559102402213	25.934363756303448
6	25.783390281509018	23.62235196582989	24.780240291119316	25.814017461541784
7	25.759448528116312	23.717912213628328	24.562602085215584	25.960037173039773
8	25.782821675634988	23.812128483906342	24.36703612551268	26.038013714945983
9	25.87347123633957	23.937454387685996	24.346032169135782	25.843042206838657
10	25.83839859220078	23.911220980316156	24.094699757575746	26.155680669907316
11	25.891890620561803	23.74526560226519	24.266220580999757	26.096623196173248
12	25.974786464802392	23.94638839210062	24.20839508665941	25.870430056437577
13	25.97301172525619	23.73990692266452	24.422544120154345	25.864537231924945
14	25.83407374146197	23.812886625071712	24.40607178028862	25.946967853177693
15	25.85155406446802	23.781294538101204	24.484582467106797	25.882568930323984
16	25.78534594110604	23.825301186654613	24.323994383897013	26.065358488342333
17	25.901238156521174	23.725347166193245	24.38001929296961	25.99339538431597
18	25.857567502347866	23.93940143204251	24.347496760023425	25.855534305586197
19	25.862116349340074	23.801368048502425	24.575559406950966	25.760956195206532
20	25.86324494584761	23.852766573418176	24.374591691444817	25.909396789289396
21	25.806255129837275	23.80996605853694	24.355216015525354	26.02856279610043
22	25.848194120666957	23.702223860649518	24.403401055728803	26.046180962954722
23	25.840785013823584	23.758670916507377	24.383939227404184	26.01660484226485
24	25.96543031360251	23.885151262516114	24.299242797895847	25.85017562598553
25	25.897214839200412	23.853877939444683	24.26392031178211	25.9849869095728
26	25.927299259080698	23.833321975574588	24.36974992627508	25.86962883906963
27	26.01725098530352	23.725097324218293	24.30362795531826	25.954023735159925
28	25.99554057920434	23.87173733303341	23.995658952609027	26.13706313515322
29	26.028502489416823	23.896523379996633	24.18042140070543	25.89455272988111
30	26.007265921546	23.734711932633644	24.21191872003027	26.046103425790086
31	26.07104454708259	23.696141500845545	24.216054035477732	26.016759916594133
32	25.946468169227792	23.83171092559818	24.28782760421275	25.933993300961276
33	26.05738939086545	23.926909333294965	24.0726188961344	25.943082379705178
34	26.011547696082225	23.98160749532817	24.12487032986119	25.88197447872841
35	25.912730887368912	23.96555730224771	24.17426150373682	25.947450306646562
36	25.90609715217194	24.027345807225206	24.11831413182886	25.948242908773995
37	26.108434690920063	23.685303528276986	24.18820096289097	26.01806081791198
38	25.93975689686618	24.0730065819576	23.9636705645748	26.023565956601413
39	25.986124121320852	24.02132375410484	24.05587086857218	25.93668125600213
40	26.014873178921228	23.950515092307565	24.095811123602253	25.938800605168954
41	26.04186472745644	23.86095966714846	23.930071126564172	26.167104478830932
42	25.9928009327204	24.026527359376228	24.053949669937214	25.92672203796616
43	26.004009360631127	23.99029165776784	23.992970997568175	26.012727984032857
44	25.940403039904847	24.05588809905321	23.97450853714336	26.029200323898582
45	25.928781080449376	24.093235166688103	23.981616110568684	25.996367642293833
46	25.969057329859552	24.100721810696115	23.970166455923525	25.96005440352081
47	26.1118377109237	24.026734125148604	24.036701958425088	25.824726205502607
48	25.91687481805689	24.08811771382187	24.04335292410309	25.951654544018147
49	25.955083409743334	23.916140282650534	23.91790640695622	26.210869900649907
50	25.91162813658292	23.959578325329918	23.97482730104244	26.153966237044724
51	26.090196226748652	24.05091710527574	23.902872812256593	25.956013855719018
52	26.106918408589326	23.931432334565628	23.956640528314114	26.005008728530925
53	25.980463908302138	23.911539744215233	23.96491115920904	26.14308518827359
54	26.024746244552045	24.10115257272189	23.92789147071374	25.946209712012326
55	26.03975399353013	24.065399324582373	23.80942329838446	26.085423383503038
56	26.025142545615758	23.987095403536575	23.92697825521909	26.060783795628574
57	26.156033894768456	24.112429922556743	23.834192114866656	25.89734406780815
58	25.919192317755574	24.020462230053287	23.949696644458587	26.110648807732556
59	25.970487459785137	24.06022156503253	23.853757326077464	26.115533649104872
60	25.89275214461336	23.957881122948354	23.90765427074272	26.241712461695567
61	26.207191192949768	24.110836103061363	23.810009134739516	25.871963569249345
62	25.9774485741217	24.0239600177026	23.828979894354752	26.169611513820957
63	25.98121343422699	24.08039845831994	23.92910621962643	26.009281887826642
64	25.97832732865428	24.096095426539264	23.87528681212581	26.05029043268064
65	26.11568872343415	24.03820962551531	23.763512681677117	26.082588969373422
66	26.058449065448862	23.97523221734667	23.905061083347544	26.061257633856933
67	26.114405052597334	24.071128459525212	23.76426220760197	26.050204280275484
68	26.130015868411505	23.99252300506137	23.869281989486478	26.00817913704065
69	26.07472325478273	23.998209063801628	23.84699436227276	26.080073319142883
70	26.152536107119147	23.9352402708735	23.93158740889491	25.980636213112447
71	26.190787775008168	24.069750021042722	23.758042003949743	25.981420199999363
72	26.083080038082805	24.056887466953015	23.848760486578445	26.01127200838573
73	26.208414557102977	23.970752292278583	23.715387948157275	26.10544520246117
74	26.211817577106615	24.11148224610003	23.650351497505415	26.026348679287935
75	26.17084349321468	24.060816016628102	23.69779562702453	26.07054486313269
>>END_MODULE
>>Per base GC content	pass
#Base	%GC
1	51.932807671561534
2	51.86425620277932
3	51.695104570497094
4	51.52426435107381
5	51.7063043831673
6	51.597407743050795
7	51.71948570115609
8	51.820835390580974
9	51.71651344317822
10	51.994079262108094
11	51.98851381673505
12	51.84521652123997
13	51.837548957181134
14	51.78104159463967
15	51.734122994791996
16	51.85070442944837
17	51.89463354083714
18	51.713101807934066
19	51.62307254454661
20	51.772641735137
21	51.834817925937706
22	51.89437508362168
23	51.857389856088446
24	51.81560593958804
25	51.88220174877321
26	51.79692809815033
27	51.97127472046345
28	52.132603714357565
29	51.92305521929793
30	52.05336934733609
31	52.087804463676726
32	51.88046147018907
33	52.000471770570634
34	51.893522174810634
35	51.860181194015475
36	51.85434006094594
37	52.126495508832036
38	51.963322853467595
39	51.92280537732298
40	51.953673784090185
41	52.20896920628737
42	51.91952297068656
43	52.01673734466399
44	51.96960336380343
45	51.92514872274321
46	51.92911173338036
47	51.9365639164263
48	51.868529362075044
49	52.16595331039324
50	52.06559437362765
51	52.04621008246767
52	52.11192713712025
53	52.12354909657573
54	51.97095595656437
55	52.12517737703316
56	52.08592634124434
57	52.0533779625766
58	52.02984112548813
59	52.08602110889
60	52.134464606308924
61	52.07915476219912
62	52.147060087942656
63	51.99049532205363
64	52.028617761334914
65	52.19827769280757
66	52.11970669930579
67	52.16460933287282
68	52.13819500545216
69	52.15479657392561
70	52.133172320231594
71	52.17220797500753
72	52.094352046468536
73	52.31385975956414
74	52.23816625639456
75	52.24138835634737
>>END_MODULE
>>Per sequence GC content	fail
#GC Content	Count
0	9.0
1	12.0
2	7.5
3	17.0
4	34.0
5	39.5
6	80.0
7	162.0
8	209.0
9	250.0
10	489.0
11	919.5
12	1152.0
13	1502.5
14	3944.5
15	5826.0
16	5616.0
17	7049.0
18	10403.5
19	16020.0
20	19715.0
21	22815.5
22	34247.5
23	48116.5
24	53654.0
25	54814.5
26	62794.5
27	82586.0
28	95558.0
29	97641.0
30	108147.5
31	122933.5
32	129296.0
33	129426.0
34	134361.5
35	144246.5
36	149326.0
37	157044.5
38	170368.0
39	185036.5
40	194100.0
41	207103.5
42	231486.5
43	262568.5
44	282271.0
45	302711.5
46	348917.5
47	400697.0
48	426711.0
49	452270.0
50	510610.5
51	572892.5
52	602393.0
53	629474.5
54	684319.5
55	722720.0
56	733357.0
57	734961.0
58	720715.5
59	675763.5
60	646661.0
61	607599.0
62	516571.5
63	416622.5
64	368639.0
65	328326.5
66	241668.5
67	163475.5
68	131628.0
69	108907.5
70	70102.5
71	42078.0
72	30138.0
73	22903.0
74	12291.0
75	7510.5
76	6107.0
77	5048.0
78	3271.0
79	1705.0
80	857.0
81	540.0
82	144.5
83	41.0
84	16.0
85	9.5
86	2.0
87	1.0
88	1.0
89	1.0
90	0.5
91	0.0
92	0.0
93	0.0
94	0.0
95	0.0
96	0.0
97	0.0
98	0.0
99	0.0
100	0.0
>>END_MODULE
>>Per base N content	pass
#Base	N-Count
1	0.0
2	0.0
3	0.0
4	0.0
5	0.0
6	0.0
7	0.0
8	0.0
9	0.0
10	0.0
11	0.0
12	0.0
13	0.0
14	0.0
15	0.0
16	0.0
17	0.0
18	0.0
19	0.0
20	0.0
21	0.0
22	0.0
23	0.0
24	0.0
25	0.0
26	0.0
27	0.0
28	0.0
29	0.0
30	0.0
31	0.0
32	0.0
33	0.0
34	0.0
35	0.0
36	0.0
37	0.0
38	0.0
39	0.0
40	0.0
41	0.0
42	0.0
43	0.0
44	0.0
45	0.0
46	0.0
47	0.0
48	0.0
49	0.0
50	0.0
51	0.0
52	0.0
53	0.0
54	0.0
55	0.0
56	0.0
57	0.0
58	0.0
59	0.0
60	0.0
61	0.0
62	0.0
63	0.0
64	0.0
65	0.0
66	0.0
67	0.0
68	0.0
69	0.0
70	0.0
71	0.0
72	0.0
73	0.0
74	0.0
75	0.0
>>END_MODULE
>>Sequence Length Distribution	pass
#Length	Count
75	1.1607337E7
>>END_MODULE
>>Sequence Duplication Levels	fail
#Total Duplicate Percentage	50.015248551387614
#Duplication Level	Relative count
1	100.0
2	19.709085716511105
3	5.752080277283762
4	2.0043358041358896
5	0.7126815780250023
6	0.26287435255020575
7	0.09671179883945841
8	0.042189710903119446
9	0.03180455129619773
10++	1.2027312969766204
>>END_MODULE
>>Overrepresented sequences	pass
>>END_MODULE
>>Kmer Content	pass
>>END_MODULE
