##FastQC	0.10.1
>>Basic Statistics	pass
#Measure	Value	
Filename	GSM794485_C1_R3_1.fq.gz	
File type	Conventional base calls	
Encoding	Illumina 1.5	
Total Sequences	11607337	
Filtered Sequences	0	
Sequence length	75	
%GC	51	
>>END_MODULE
>>Per base sequence quality	fail
#Base	Mean	Median	Lower Quartile	Upper Quartile	10th Percentile	90th Percentile
1	9.0	9.0	9.0	9.0	9.0	9.0
2	9.0	9.0	9.0	9.0	9.0	9.0
3	9.0	9.0	9.0	9.0	9.0	9.0
4	9.0	9.0	9.0	9.0	9.0	9.0
5	9.0	9.0	9.0	9.0	9.0	9.0
6	9.0	9.0	9.0	9.0	9.0	9.0
7	9.0	9.0	9.0	9.0	9.0	9.0
8	9.0	9.0	9.0	9.0	9.0	9.0
9	9.0	9.0	9.0	9.0	9.0	9.0
10	9.0	9.0	9.0	9.0	9.0	9.0
11	9.0	9.0	9.0	9.0	9.0	9.0
12	9.0	9.0	9.0	9.0	9.0	9.0
13	9.0	9.0	9.0	9.0	9.0	9.0
14	9.0	9.0	9.0	9.0	9.0	9.0
15	9.0	9.0	9.0	9.0	9.0	9.0
16	9.0	9.0	9.0	9.0	9.0	9.0
17	9.0	9.0	9.0	9.0	9.0	9.0
18	9.0	9.0	9.0	9.0	9.0	9.0
19	9.0	9.0	9.0	9.0	9.0	9.0
20	9.0	9.0	9.0	9.0	9.0	9.0
21	9.0	9.0	9.0	9.0	9.0	9.0
22	9.0	9.0	9.0	9.0	9.0	9.0
23	9.0	9.0	9.0	9.0	9.0	9.0
24	9.0	9.0	9.0	9.0	9.0	9.0
25	9.0	9.0	9.0	9.0	9.0	9.0
26	9.0	9.0	9.0	9.0	9.0	9.0
27	9.0	9.0	9.0	9.0	9.0	9.0
28	9.0	9.0	9.0	9.0	9.0	9.0
29	9.0	9.0	9.0	9.0	9.0	9.0
30	9.0	9.0	9.0	9.0	9.0	9.0
31	9.0	9.0	9.0	9.0	9.0	9.0
32	9.0	9.0	9.0	9.0	9.0	9.0
33	9.0	9.0	9.0	9.0	9.0	9.0
34	9.0	9.0	9.0	9.0	9.0	9.0
35	9.0	9.0	9.0	9.0	9.0	9.0
36	9.0	9.0	9.0	9.0	9.0	9.0
37	9.0	9.0	9.0	9.0	9.0	9.0
38	9.0	9.0	9.0	9.0	9.0	9.0
39	9.0	9.0	9.0	9.0	9.0	9.0
40	9.0	9.0	9.0	9.0	9.0	9.0
41	9.0	9.0	9.0	9.0	9.0	9.0
42	9.0	9.0	9.0	9.0	9.0	9.0
43	9.0	9.0	9.0	9.0	9.0	9.0
44	9.0	9.0	9.0	9.0	9.0	9.0
45	9.0	9.0	9.0	9.0	9.0	9.0
46	9.0	9.0	9.0	9.0	9.0	9.0
47	9.0	9.0	9.0	9.0	9.0	9.0
48	9.0	9.0	9.0	9.0	9.0	9.0
49	9.0	9.0	9.0	9.0	9.0	9.0
50	9.0	9.0	9.0	9.0	9.0	9.0
51	9.0	9.0	9.0	9.0	9.0	9.0
52	9.0	9.0	9.0	9.0	9.0	9.0
53	9.0	9.0	9.0	9.0	9.0	9.0
54	9.0	9.0	9.0	9.0	9.0	9.0
55	9.0	9.0	9.0	9.0	9.0	9.0
56	9.0	9.0	9.0	9.0	9.0	9.0
57	9.0	9.0	9.0	9.0	9.0	9.0
58	9.0	9.0	9.0	9.0	9.0	9.0
59	9.0	9.0	9.0	9.0	9.0	9.0
60	9.0	9.0	9.0	9.0	9.0	9.0
61	9.0	9.0	9.0	9.0	9.0	9.0
62	9.0	9.0	9.0	9.0	9.0	9.0
63	9.0	9.0	9.0	9.0	9.0	9.0
64	9.0	9.0	9.0	9.0	9.0	9.0
65	9.0	9.0	9.0	9.0	9.0	9.0
66	9.0	9.0	9.0	9.0	9.0	9.0
67	9.0	9.0	9.0	9.0	9.0	9.0
68	9.0	9.0	9.0	9.0	9.0	9.0
69	9.0	9.0	9.0	9.0	9.0	9.0
70	9.0	9.0	9.0	9.0	9.0	9.0
71	9.0	9.0	9.0	9.0	9.0	9.0
72	9.0	9.0	9.0	9.0	9.0	9.0
73	9.0	9.0	9.0	9.0	9.0	9.0
74	9.0	9.0	9.0	9.0	9.0	9.0
75	9.0	9.0	9.0	9.0	9.0	9.0
>>END_MODULE
>>Per sequence quality scores	fail
#Quality	Count
9	1.1607337E7
>>END_MODULE
>>Per base sequence content	pass
#Base	G	A	T	C
1	25.95830550969615	24.05523334077403	24.006462464215524	25.9799986853143
2	25.862392037036575	23.736348828331597	24.38269001752943	26.0185691171024
3	25.834754345462702	23.794312166520193	24.504216600241726	25.866716887775375
4	25.72992409886953	23.87844860539502	24.60421369690567	25.787413598829772
5	25.773120914814484	23.649007519984988	24.64119892443891	25.936672640761614
6	25.80093952643918	23.601425546617627	24.77154751343913	25.826087413504062
7	25.755511363200707	23.686509661949163	24.569485662387507	25.988493312462623
8	25.793082427089004	23.826869160428444	24.339346742495714	26.040701669986838
9	25.868526088283645	23.945613020454218	24.37720210932103	25.808658781941112
10	25.82401975578033	23.916114436928986	24.109750582756405	26.150115224534275
11	25.89211461681521	23.767579075200455	24.248068269233503	26.092238038750835
12	25.990931425528522	23.952307062334796	24.18251490415071	25.874246607985967
13	25.95137885632165	23.726165614042223	24.44993196975327	25.87252355988286
14	25.84305082207917	23.80112682176799	24.415996537362535	25.939825818790307
15	25.856473366802398	23.773101444370916	24.479947467709433	25.890477721117257
16	25.787146526373796	23.86161442542764	24.305885148333335	26.04535389986523
17	25.89080510025685	23.75367407700836	24.3582916563894	25.99722916634539
18	25.842800980104226	23.920318674300574	24.382405714592416	25.854474631002788
19	25.87151557674254	23.794131246469366	24.580728551260293	25.753624625527806
20	25.850339315555328	23.840791389101565	24.374962146786984	25.933907148556123
21	25.8132507051359	23.81091373499365	24.355793236639894	26.02004232323056
22	25.80003492618505	23.685630907416577	24.438637389437385	26.07569677696099
23	25.844911714030534	23.762814847195358	24.384163223657588	26.008110215116524
24	25.974631390473114	23.903088193269483	24.293720428725383	25.828559987532024
25	25.92054491051651	23.849458321060204	24.264445841453554	25.965550926969726
26	25.918201565096282	23.83739698433844	24.356749528337122	25.887651922228155
27	26.014855948440196	23.724933634648497	24.291394313786185	25.96881610312512
28	25.98850192770314	23.868842612220185	23.99244546789673	26.150209992179946
29	26.0519876350622	23.865878969482836	24.188097580004786	25.894035815450177
30	25.993739993936593	23.756517106378492	24.22435912733472	26.025383772350196
31	26.05943981810815	23.7054287301213	24.18820096289097	26.04693048887958
32	25.97776733802077	23.85091429670733	24.272363247487345	25.898955117784556
33	26.058190608233396	23.903837719194335	24.05364813651917	25.9843235360531
34	26.034972535043998	23.991049798933208	24.10583064832183	25.86814701770096
35	25.916943739981015	23.95541716416091	24.197763879863228	25.929875215994848
36	25.87659856864671	24.034375843485893	24.12707583143317	25.961949756434226
37	26.141870439360897	23.692462793145406	24.160511579874004	26.005155187619692
38	25.928066015486586	24.069629407675507	23.98781046849936	26.014494108338543
39	26.006266553646196	23.983502848241592	24.059549576272317	25.950681021839895
40	26.04879999607145	23.94179646890583	24.109655815110738	25.899747719911982
41	26.039426614390536	23.87581234179726	23.93286246449121	26.151898579320992
42	25.999848199462118	24.046480256410234	24.04644579544817	25.90722574867948
43	26.003638905288955	24.005040949530457	23.994013441670557	25.99730670351003
44	25.93402776192334	24.036288426880343	23.989972893868767	26.039710917327547
45	25.924852530774285	24.10344422669903	23.972621799470456	25.999081443056234
46	25.951318549638042	24.097947703250107	24.003610819604877	25.94712292750697
47	26.114482589761977	24.027259654820053	24.05041742132584	25.807840334092134
48	25.867957482409615	24.06085909283068	24.04969374112253	26.021489683637167
49	25.928048785005554	23.925203515672887	23.938091915484147	26.208655783837415
50	25.89376012775368	23.94569917285937	24.001672390488878	26.15886830889807
51	26.112371855835665	24.032687256344847	23.911513898493688	25.9434269893258
52	26.104738752738893	23.928925299575603	23.960784459002095	26.00555148868341
53	25.971211139988444	23.91514091475073	23.988249845765658	26.125398099495172
54	26.007558839723533	24.102522395963863	23.925797967268462	25.964120797044142
55	26.06170562636374	24.085205762527615	23.799533002272614	26.05355560883603
56	26.031250751141283	23.99774384081379	23.910850524973988	26.06015488307094
57	26.1435331807804	24.087816180403827	23.851879203645073	25.916771435170705
58	25.900893546900548	24.036943185159522	23.96002631783673	26.1021369501032
59	26.009281887826642	24.072300132235327	23.823827980526456	26.09458999941158
60	25.903581501941403	23.92504844134361	23.923695848582668	26.24767420813232
61	26.181336856162613	24.13520000323933	23.807347025420214	25.876116115177837
62	25.96785981142789	24.010296246244938	23.821252023612306	26.20059191871486
63	25.962914663371965	24.09892984066888	23.90871394532613	26.02944155063302
64	25.968729950719965	24.086308513313607	23.89082870601586	26.05413282995057
65	26.102128334862684	24.039269300098724	23.77317898153556	26.085423383503038
66	26.06071487370445	23.99100672273063	23.89864272916346	26.049635674401454
67	26.116421018877972	24.077434815582592	23.77128362862214	26.034860536917297
68	26.103368929496924	24.002042845831046	23.881627629145257	26.012960595526778
69	26.10315354848403	24.000845327399386	23.849630625870518	26.04637049824607
70	26.155456673653916	23.965729607058016	23.90310542375051	25.975708295537554
71	26.173479756812434	24.09970521231528	23.75717186465767	25.969643166214613
72	26.111294950771224	24.03635734880447	23.83236568387736	26.01998201654695
73	26.205201072390675	23.94819759260888	23.714491963143654	26.13210937185678
74	26.209301926876076	24.116065554054302	23.655667100903507	26.01896541816611
75	26.191244382755492	24.02028131000246	23.717576219248222	26.070898087993825
>>END_MODULE
>>Per base GC content	pass
#Base	%GC
1	51.93830419501045
2	51.88096115413897
3	51.70147123323808
4	51.517337697699304
5	51.7097935555761
6	51.62702693994324
7	51.744004675663334
8	51.83378409707584
9	51.67718487022476
10	51.9741349803146
11	51.98435265556605
12	51.86517803351449
13	51.82390241620452
14	51.78287664086948
15	51.74695108791965
16	51.83250042623902
17	51.88803426660223
18	51.69727561110701
19	51.62514020227034
20	51.78424646411145
21	51.833293028366455
22	51.87573170314603
23	51.85302192914706
24	51.80319137800513
25	51.88609583748624
26	51.80585348732444
27	51.98367205156531
28	52.138711919883086
29	51.94602345051238
30	52.01912376628679
31	52.10637030698773
32	51.87672245580532
33	52.0425141442865
34	51.90311955274496
35	51.84681895597586
36	51.838548325080936
37	52.14702562698059
38	51.94256012382513
39	51.95694757548609
40	51.94854771598343
41	52.19132519371152
42	51.907073948141594
43	52.000945608798986
44	51.97373867925089
45	51.923933973830515
46	51.89844147714502
47	51.92232292385411
48	51.889447166046786
49	52.13670456884296
50	52.05262843665175
51	52.05579884516147
52	52.1102902414223
53	52.09660923948361
54	51.971679636767675
55	52.115261235199775
56	52.091405634212215
57	52.060304615951104
58	52.00303049700374
59	52.10387188723822
60	52.15125571007372
61	52.05745297134045
62	52.16845173014275
63	51.992356214004985
64	52.02286278067053
65	52.18755171836572
66	52.11035054810591
67	52.15128155579527
68	52.116329525023694
69	52.1495240467301
70	52.13116496919147
71	52.14312292302705
72	52.13127696731817
73	52.337310444247464
74	52.22826734504219
75	52.26214247074932
>>END_MODULE
>>Per sequence GC content	fail
#GC Content	Count
0	3.0
1	8.5
2	11.0
3	15.0
4	22.0
5	38.0
6	86.5
7	156.0
8	193.0
9	249.0
10	497.5
11	916.0
12	1142.0
13	1507.0
14	3921.5
15	5857.5
16	5744.0
17	7213.0
18	10652.5
19	16327.5
20	20032.0
21	22986.5
22	33956.5
23	47822.0
24	53672.0
25	55050.0
26	63261.0
27	82689.5
28	95285.0
29	97452.0
30	107777.0
31	122193.0
32	128451.0
33	128658.0
34	134358.5
35	144883.5
36	149915.0
37	157555.5
38	170534.5
39	184346.5
40	192820.0
41	206840.5
42	231808.0
43	262742.5
44	282730.0
45	302595.0
46	348658.0
47	400147.5
48	425439.0
49	451706.5
50	510030.5
51	573196.5
52	604306.0
53	630577.0
54	684526.0
55	723074.0
56	733944.0
57	735755.0
58	721142.5
59	676177.0
60	647635.0
61	607472.0
62	516258.5
63	417113.0
64	369018.0
65	328726.0
66	241261.5
67	162577.0
68	131065.0
69	108705.0
70	70220.0
71	41988.0
72	29881.0
73	22752.0
74	12260.5
75	7464.0
76	6030.0
77	4878.5
78	3150.5
79	1762.0
80	950.0
81	588.0
82	148.5
83	41.5
84	12.0
85	7.5
86	2.0
87	1.0
88	1.0
89	1.0
90	0.5
91	0.0
92	0.0
93	0.0
94	0.0
95	0.0
96	0.0
97	0.0
98	0.0
99	0.0
100	0.0
>>END_MODULE
>>Per base N content	pass
#Base	N-Count
1	0.0
2	0.0
3	0.0
4	0.0
5	0.0
6	0.0
7	0.0
8	0.0
9	0.0
10	0.0
11	0.0
12	0.0
13	0.0
14	0.0
15	0.0
16	0.0
17	0.0
18	0.0
19	0.0
20	0.0
21	0.0
22	0.0
23	0.0
24	0.0
25	0.0
26	0.0
27	0.0
28	0.0
29	0.0
30	0.0
31	0.0
32	0.0
33	0.0
34	0.0
35	0.0
36	0.0
37	0.0
38	0.0
39	0.0
40	0.0
41	0.0
42	0.0
43	0.0
44	0.0
45	0.0
46	0.0
47	0.0
48	0.0
49	0.0
50	0.0
51	0.0
52	0.0
53	0.0
54	0.0
55	0.0
56	0.0
57	0.0
58	0.0
59	0.0
60	0.0
61	0.0
62	0.0
63	0.0
64	0.0
65	0.0
66	0.0
67	0.0
68	0.0
69	0.0
70	0.0
71	0.0
72	0.0
73	0.0
74	0.0
75	0.0
>>END_MODULE
>>Sequence Length Distribution	pass
#Length	Count
75	1.1607337E7
>>END_MODULE
>>Sequence Duplication Levels	warn
#Total Duplicate Percentage	49.973398906111115
#Duplication Level	Relative count
1	100.0
2	19.629598407376907
3	5.6461601312487435
4	2.042007379499517
5	0.7515676573007114
6	0.2541971714080059
7	0.09143316624624702
8	0.049931587240858305
9	0.030477722082082343
10++	1.1970611694366808
>>END_MODULE
>>Overrepresented sequences	pass
>>END_MODULE
>>Kmer Content	pass
>>END_MODULE
