##FastQC	0.10.1
>>Basic Statistics	pass
#Measure	Value	
Filename	GSM794487_C2_R2_2.fq.gz	
File type	Conventional base calls	
Encoding	Illumina 1.5	
Total Sequences	11607377	
Filtered Sequences	0	
Sequence length	75	
%GC	51	
>>END_MODULE
>>Per base sequence quality	fail
#Base	Mean	Median	Lower Quartile	Upper Quartile	10th Percentile	90th Percentile
1	9.0	9.0	9.0	9.0	9.0	9.0
2	9.0	9.0	9.0	9.0	9.0	9.0
3	9.0	9.0	9.0	9.0	9.0	9.0
4	9.0	9.0	9.0	9.0	9.0	9.0
5	9.0	9.0	9.0	9.0	9.0	9.0
6	9.0	9.0	9.0	9.0	9.0	9.0
7	9.0	9.0	9.0	9.0	9.0	9.0
8	9.0	9.0	9.0	9.0	9.0	9.0
9	9.0	9.0	9.0	9.0	9.0	9.0
10	9.0	9.0	9.0	9.0	9.0	9.0
11	9.0	9.0	9.0	9.0	9.0	9.0
12	9.0	9.0	9.0	9.0	9.0	9.0
13	9.0	9.0	9.0	9.0	9.0	9.0
14	9.0	9.0	9.0	9.0	9.0	9.0
15	9.0	9.0	9.0	9.0	9.0	9.0
16	9.0	9.0	9.0	9.0	9.0	9.0
17	9.0	9.0	9.0	9.0	9.0	9.0
18	9.0	9.0	9.0	9.0	9.0	9.0
19	9.0	9.0	9.0	9.0	9.0	9.0
20	9.0	9.0	9.0	9.0	9.0	9.0
21	9.0	9.0	9.0	9.0	9.0	9.0
22	9.0	9.0	9.0	9.0	9.0	9.0
23	9.0	9.0	9.0	9.0	9.0	9.0
24	9.0	9.0	9.0	9.0	9.0	9.0
25	9.0	9.0	9.0	9.0	9.0	9.0
26	9.0	9.0	9.0	9.0	9.0	9.0
27	9.0	9.0	9.0	9.0	9.0	9.0
28	9.0	9.0	9.0	9.0	9.0	9.0
29	9.0	9.0	9.0	9.0	9.0	9.0
30	9.0	9.0	9.0	9.0	9.0	9.0
31	9.0	9.0	9.0	9.0	9.0	9.0
32	9.0	9.0	9.0	9.0	9.0	9.0
33	9.0	9.0	9.0	9.0	9.0	9.0
34	9.0	9.0	9.0	9.0	9.0	9.0
35	9.0	9.0	9.0	9.0	9.0	9.0
36	9.0	9.0	9.0	9.0	9.0	9.0
37	9.0	9.0	9.0	9.0	9.0	9.0
38	9.0	9.0	9.0	9.0	9.0	9.0
39	9.0	9.0	9.0	9.0	9.0	9.0
40	9.0	9.0	9.0	9.0	9.0	9.0
41	9.0	9.0	9.0	9.0	9.0	9.0
42	9.0	9.0	9.0	9.0	9.0	9.0
43	9.0	9.0	9.0	9.0	9.0	9.0
44	9.0	9.0	9.0	9.0	9.0	9.0
45	9.0	9.0	9.0	9.0	9.0	9.0
46	9.0	9.0	9.0	9.0	9.0	9.0
47	9.0	9.0	9.0	9.0	9.0	9.0
48	9.0	9.0	9.0	9.0	9.0	9.0
49	9.0	9.0	9.0	9.0	9.0	9.0
50	9.0	9.0	9.0	9.0	9.0	9.0
51	9.0	9.0	9.0	9.0	9.0	9.0
52	9.0	9.0	9.0	9.0	9.0	9.0
53	9.0	9.0	9.0	9.0	9.0	9.0
54	9.0	9.0	9.0	9.0	9.0	9.0
55	9.0	9.0	9.0	9.0	9.0	9.0
56	9.0	9.0	9.0	9.0	9.0	9.0
57	9.0	9.0	9.0	9.0	9.0	9.0
58	9.0	9.0	9.0	9.0	9.0	9.0
59	9.0	9.0	9.0	9.0	9.0	9.0
60	9.0	9.0	9.0	9.0	9.0	9.0
61	9.0	9.0	9.0	9.0	9.0	9.0
62	9.0	9.0	9.0	9.0	9.0	9.0
63	9.0	9.0	9.0	9.0	9.0	9.0
64	9.0	9.0	9.0	9.0	9.0	9.0
65	9.0	9.0	9.0	9.0	9.0	9.0
66	9.0	9.0	9.0	9.0	9.0	9.0
67	9.0	9.0	9.0	9.0	9.0	9.0
68	9.0	9.0	9.0	9.0	9.0	9.0
69	9.0	9.0	9.0	9.0	9.0	9.0
70	9.0	9.0	9.0	9.0	9.0	9.0
71	9.0	9.0	9.0	9.0	9.0	9.0
72	9.0	9.0	9.0	9.0	9.0	9.0
73	9.0	9.0	9.0	9.0	9.0	9.0
74	9.0	9.0	9.0	9.0	9.0	9.0
75	9.0	9.0	9.0	9.0	9.0	9.0
>>END_MODULE
>>Per sequence quality scores	fail
#Quality	Count
9	1.1607377E7
>>END_MODULE
>>Per base sequence content	pass
#Base	G	A	T	C
1	25.975403400785552	24.054883372875715	23.995920869977773	25.97379235636096
2	25.889880202908895	23.741014012037347	24.360034140357463	26.009071644696302
3	25.775745889876756	23.828803010361426	24.538024396037105	25.857426703724705
4	25.732799063905652	23.88565478660683	24.604180599975344	25.777365549512176
5	25.75116669338818	23.649882311912503	24.667915929671278	25.93103506502804
6	25.79077943276935	23.628258132737482	24.76332938957699	25.817633044916178
7	25.730826180626337	23.721715939785533	24.563017122645366	25.98444075694276
8	25.756999191117856	23.828156869549424	24.41767851599892	25.9971654233338
9	25.849492094553316	23.954964157707636	24.399862260009304	25.795681487729745
10	25.78532600431605	23.914472666822142	24.15320015883003	26.147001170031782
11	25.84676968793208	23.770969100081786	24.332112242068128	26.05014896991801
12	25.965909438454528	23.974012388845473	24.193347041282454	25.86673113141755
13	25.95284016363042	23.773570893751447	24.404264632741747	25.869324309876383
14	25.8148331013975	23.82744180705081	24.419358482110127	25.938366609441566
15	25.840945805413227	23.796349511177244	24.485721451108205	25.87698323230132
16	25.76358982740028	23.823004973475058	24.373404947560502	26.040000251564155
17	25.875079270708618	23.744770243957785	24.384656412900174	25.995494072433416
18	25.86015772555677	23.90346242738562	24.378866991224633	25.857512855832976
19	25.846528462028935	23.775957307150446	24.63244710669775	25.745067124122873
20	25.83122784760071	23.84076092298889	24.43814825692316	25.889862972487236
21	25.79840389435098	23.81127105632909	24.397424155345345	25.99290089397458
22	25.84747613521987	23.703115699610688	24.420909220058935	26.028498945110513
23	25.843995590045882	23.772666296614645	24.39624387146209	25.987094241877383
24	25.94213145657283	23.90679651397555	24.34463875861015	25.806433270841467
25	25.877181382150333	23.867278541913475	24.304569413055162	25.95097066288103
26	25.92187709591926	23.851211173721676	24.37593781954355	25.85097391081551
27	25.99240982695746	23.753221765778783	24.297280944695775	25.957087462567983
28	25.992607976806475	23.860041764819044	24.023256933930895	26.124093324443585
29	26.06313209263385	23.907546037317477	24.152390329012317	25.876931541036356
30	25.978211959515058	23.74340904064717	24.213317099978745	26.065061899859028
31	26.044316472188335	23.722474078338283	24.226067612002264	26.00714183747112
32	25.977832890238684	23.861850959092653	24.25759928362799	25.902716867040677
33	26.027370352492213	23.949751955157485	24.052858798331442	25.970018894018864
34	26.054189503795733	23.959357915229255	24.11485385544038	25.871598725534632
35	25.912701896388825	23.948787051544894	24.209681481009877	25.928829571056404
36	25.909996720189238	24.026625481364135	24.128844957822942	25.93453284062368
37	26.102977442707342	23.70713038785593	24.198791854524927	25.9911003149118
38	25.918680852702554	24.03933291733352	24.022214493420865	26.019771736543063
39	25.969407214050165	23.990717282638446	24.082279743304625	25.957595760006765
40	26.053457210875465	23.917910135941998	24.145024323755486	25.883608329427055
41	26.05733405574748	23.864556135292236	23.95425771041985	26.123852098540436
42	25.972577611634396	24.035042542341824	24.074569129614726	25.917810716409058
43	25.967442945981677	24.079798562586536	23.993431074048857	25.959327417382926
44	25.93810815311676	24.024497524289938	24.038928002424665	25.998466320168628
45	25.914459399397472	24.09313490894627	23.988925318786492	26.00348037286977
46	25.973688973831038	24.099441243271414	24.007947704291848	25.9189220786057
47	26.111006819197826	24.030769397771778	24.048456425598996	25.8097673574314
48	25.894196423533067	24.096038234994865	24.05950112587883	25.95026421559324
49	25.903922996556418	23.920606696930754	23.970643841412233	26.2048264651006
50	25.8873990221908	23.973176713395283	24.00046970129427	26.138954563119643
51	26.11206649012951	24.044777730575994	23.939896153971738	25.903259625322754
52	26.085738405843113	23.9370445191881	23.995386726906517	25.981830348062275
53	25.978840869905405	23.930445267694846	23.985229393341836	26.10548446905791
54	26.024096572378063	24.11942853238936	23.91985717358883	25.936617721643746
55	26.02649160098789	24.05145451896669	23.845706054003415	26.076347826042007
56	26.020969250847976	23.99405136922838	23.945013589202798	26.03996579072085
57	26.107181665590772	24.135616513532728	23.850875180499436	25.906326640377063
58	25.90512912607215	24.047569058883848	24.002976727644842	26.044325087399162
59	25.975851391748538	24.049809013698788	23.86128235517809	26.113057239374584
60	25.889725129114012	23.970764454363806	23.943566233783912	26.195944182738273
61	26.151558616559107	24.1077290760867	23.83970986726803	25.901002440086163
62	25.91492462078211	24.032294290088103	23.870147407118765	26.18263368201102
63	25.981770041586483	24.08438185474634	23.949562420519296	25.984285683147878
64	25.93584235266934	24.06158600689889	23.951759299280102	26.050812341151662
65	26.09427607977237	24.039927366880562	23.824659093953784	26.041137459393283
66	26.03960395186613	23.980939018350142	23.95879792652552	26.020659103258215
67	26.133613132407092	24.04449342861871	23.7671353312639	26.054758107710295
68	26.12174998709872	23.97193612303624	23.909846298608205	25.996467591256838
69	26.08216309335003	24.024092609381086	23.848549073576226	26.04519522369266
70	26.18985322868379	24.00253735189268	23.881752096102332	25.925857323321193
71	26.189138166185177	24.057235325431407	23.78166057671772	25.971965931665697
72	26.046875189803863	24.07500850536689	23.853924965132087	26.02419133969716
73	26.166238935807804	23.981886691541078	23.767893469816652	26.083980902834465
74	26.192360255034362	24.179648856068	23.61572300098463	26.012267887913005
75	26.153677958422477	24.04051320121678	23.70827621089588	26.097532629464865
>>END_MODULE
>>Per base GC content	pass
#Base	%GC
1	51.94919575714651
2	51.89895184760519
3	51.633172593601465
4	51.51016461341783
5	51.68220175841623
6	51.608412477685526
7	51.715266937569105
8	51.75416461445166
9	51.64517358228306
10	51.932327174347826
11	51.89691865785009
12	51.83264056987207
13	51.8221644735068
14	51.75319971083906
15	51.71792903771455
16	51.80359007896443
17	51.870573343142034
18	51.717670581389754
19	51.591595586151804
20	51.721090820087944
21	51.79130478832556
22	51.875975080330385
23	51.83108983192327
24	51.748564727414305
25	51.82815204503136
26	51.77285100673477
27	51.949497289525446
28	52.11670130125006
29	51.940063633670206
30	52.04327385937408
31	52.05145830965945
32	51.88054975727936
33	51.99738924651107
34	51.92578822933036
35	51.841531467445236
36	51.84452956081292
37	52.09407775761914
38	51.93845258924562
39	51.92700297405693
40	51.93706554030252
41	52.181186154287914
42	51.89038832804344
43	51.926770363364604
44	51.93657447328539
45	51.91793977226724
46	51.89261105243674
47	51.92077417662922
48	51.84446063912631
49	52.10874946165701
50	52.026353585310446
51	52.01532611545227
52	52.06756875390538
53	52.08432533896331
54	51.96071429402181
55	52.1028394270299
56	52.060935041568825
57	52.01350830596784
58	51.94945421347131
59	52.08890863112312
60	52.08566931185228
61	52.052561056645274
62	52.09755830279313
63	51.96605572473436
64	51.98665469382101
65	52.135413539165654
66	52.060263055124345
67	52.188371240117384
68	52.118217578355555
69	52.127358317042685
70	52.11571055200499
71	52.161104097850874
72	52.07106652950102
73	52.25021983864227
74	52.20462814294737
75	52.25121058788734
>>END_MODULE
>>Per sequence GC content	fail
#GC Content	Count
0	6.0
1	9.0
2	10.0
3	22.0
4	36.0
5	46.5
6	90.5
7	182.0
8	240.0
9	261.5
10	489.0
11	931.5
12	1168.0
13	1526.0
14	3815.0
15	5830.5
16	5915.0
17	7369.0
18	11137.5
19	16940.0
20	20428.0
21	23776.0
22	34576.0
23	48085.0
24	54142.0
25	55696.0
26	64562.5
27	83536.5
28	95198.0
29	97187.0
30	107675.5
31	122207.5
32	128240.0
33	128387.5
34	134924.5
35	145357.5
36	149401.0
37	157741.0
38	171590.5
39	184888.0
40	192676.0
41	205810.0
42	230440.0
43	261483.5
44	281031.0
45	302598.5
46	349509.5
47	400766.5
48	426680.0
49	452597.5
50	511648.0
51	574250.0
52	603719.0
53	631272.0
54	684774.5
55	722480.5
56	734237.0
57	735181.5
58	720363.5
59	675879.0
60	647157.0
61	607285.0
62	515865.5
63	415959.5
64	367601.0
65	326914.5
66	240577.0
67	162831.5
68	130737.0
69	107817.0
70	69183.5
71	41490.0
72	29510.0
73	22273.0
74	11711.0
75	7133.5
76	5881.0
77	4842.0
78	3153.5
79	1678.5
80	853.0
81	545.0
82	152.0
83	42.0
84	17.0
85	9.5
86	2.5
87	2.0
88	1.0
89	0.5
90	0.0
91	0.0
92	0.0
93	0.0
94	0.0
95	0.0
96	0.0
97	0.0
98	0.0
99	0.0
100	0.0
>>END_MODULE
>>Per base N content	pass
#Base	N-Count
1	0.0
2	0.0
3	0.0
4	0.0
5	0.0
6	0.0
7	0.0
8	0.0
9	0.0
10	0.0
11	0.0
12	0.0
13	0.0
14	0.0
15	0.0
16	0.0
17	0.0
18	0.0
19	0.0
20	0.0
21	0.0
22	0.0
23	0.0
24	0.0
25	0.0
26	0.0
27	0.0
28	0.0
29	0.0
30	0.0
31	0.0
32	0.0
33	0.0
34	0.0
35	0.0
36	0.0
37	0.0
38	0.0
39	0.0
40	0.0
41	0.0
42	0.0
43	0.0
44	0.0
45	0.0
46	0.0
47	0.0
48	0.0
49	0.0
50	0.0
51	0.0
52	0.0
53	0.0
54	0.0
55	0.0
56	0.0
57	0.0
58	0.0
59	0.0
60	0.0
61	0.0
62	0.0
63	0.0
64	0.0
65	0.0
66	0.0
67	0.0
68	0.0
69	0.0
70	0.0
71	0.0
72	0.0
73	0.0
74	0.0
75	0.0
>>END_MODULE
>>Sequence Length Distribution	pass
#Length	Count
75	1.1607377E7
>>END_MODULE
>>Sequence Duplication Levels	fail
#Total Duplicate Percentage	50.44905523444182
#Duplication Level	Relative count
1	100.0
2	20.091148046920974
3	6.056048856399325
4	2.1296211536701146
5	0.8127476493742563
6	0.29685231924047656
7	0.11311773398370581
8	0.04380860217866064
9	0.04053930350861133
10++	1.188063136695916
>>END_MODULE
>>Overrepresented sequences	pass
>>END_MODULE
>>Kmer Content	pass
>>END_MODULE
