##FastQC	0.10.1
>>Basic Statistics	pass
#Measure	Value	
Filename	GSM794484_C1_R2_2.fq.gz	
File type	Conventional base calls	
Encoding	Illumina 1.5	
Total Sequences	11607291	
Filtered Sequences	0	
Sequence length	75	
%GC	51	
>>END_MODULE
>>Per base sequence quality	fail
#Base	Mean	Median	Lower Quartile	Upper Quartile	10th Percentile	90th Percentile
1	9.0	9.0	9.0	9.0	9.0	9.0
2	9.0	9.0	9.0	9.0	9.0	9.0
3	9.0	9.0	9.0	9.0	9.0	9.0
4	9.0	9.0	9.0	9.0	9.0	9.0
5	9.0	9.0	9.0	9.0	9.0	9.0
6	9.0	9.0	9.0	9.0	9.0	9.0
7	9.0	9.0	9.0	9.0	9.0	9.0
8	9.0	9.0	9.0	9.0	9.0	9.0
9	9.0	9.0	9.0	9.0	9.0	9.0
10	9.0	9.0	9.0	9.0	9.0	9.0
11	9.0	9.0	9.0	9.0	9.0	9.0
12	9.0	9.0	9.0	9.0	9.0	9.0
13	9.0	9.0	9.0	9.0	9.0	9.0
14	9.0	9.0	9.0	9.0	9.0	9.0
15	9.0	9.0	9.0	9.0	9.0	9.0
16	9.0	9.0	9.0	9.0	9.0	9.0
17	9.0	9.0	9.0	9.0	9.0	9.0
18	9.0	9.0	9.0	9.0	9.0	9.0
19	9.0	9.0	9.0	9.0	9.0	9.0
20	9.0	9.0	9.0	9.0	9.0	9.0
21	9.0	9.0	9.0	9.0	9.0	9.0
22	9.0	9.0	9.0	9.0	9.0	9.0
23	9.0	9.0	9.0	9.0	9.0	9.0
24	9.0	9.0	9.0	9.0	9.0	9.0
25	9.0	9.0	9.0	9.0	9.0	9.0
26	9.0	9.0	9.0	9.0	9.0	9.0
27	9.0	9.0	9.0	9.0	9.0	9.0
28	9.0	9.0	9.0	9.0	9.0	9.0
29	9.0	9.0	9.0	9.0	9.0	9.0
30	9.0	9.0	9.0	9.0	9.0	9.0
31	9.0	9.0	9.0	9.0	9.0	9.0
32	9.0	9.0	9.0	9.0	9.0	9.0
33	9.0	9.0	9.0	9.0	9.0	9.0
34	9.0	9.0	9.0	9.0	9.0	9.0
35	9.0	9.0	9.0	9.0	9.0	9.0
36	9.0	9.0	9.0	9.0	9.0	9.0
37	9.0	9.0	9.0	9.0	9.0	9.0
38	9.0	9.0	9.0	9.0	9.0	9.0
39	9.0	9.0	9.0	9.0	9.0	9.0
40	9.0	9.0	9.0	9.0	9.0	9.0
41	9.0	9.0	9.0	9.0	9.0	9.0
42	9.0	9.0	9.0	9.0	9.0	9.0
43	9.0	9.0	9.0	9.0	9.0	9.0
44	9.0	9.0	9.0	9.0	9.0	9.0
45	9.0	9.0	9.0	9.0	9.0	9.0
46	9.0	9.0	9.0	9.0	9.0	9.0
47	9.0	9.0	9.0	9.0	9.0	9.0
48	9.0	9.0	9.0	9.0	9.0	9.0
49	9.0	9.0	9.0	9.0	9.0	9.0
50	9.0	9.0	9.0	9.0	9.0	9.0
51	9.0	9.0	9.0	9.0	9.0	9.0
52	9.0	9.0	9.0	9.0	9.0	9.0
53	9.0	9.0	9.0	9.0	9.0	9.0
54	9.0	9.0	9.0	9.0	9.0	9.0
55	9.0	9.0	9.0	9.0	9.0	9.0
56	9.0	9.0	9.0	9.0	9.0	9.0
57	9.0	9.0	9.0	9.0	9.0	9.0
58	9.0	9.0	9.0	9.0	9.0	9.0
59	9.0	9.0	9.0	9.0	9.0	9.0
60	9.0	9.0	9.0	9.0	9.0	9.0
61	9.0	9.0	9.0	9.0	9.0	9.0
62	9.0	9.0	9.0	9.0	9.0	9.0
63	9.0	9.0	9.0	9.0	9.0	9.0
64	9.0	9.0	9.0	9.0	9.0	9.0
65	9.0	9.0	9.0	9.0	9.0	9.0
66	9.0	9.0	9.0	9.0	9.0	9.0
67	9.0	9.0	9.0	9.0	9.0	9.0
68	9.0	9.0	9.0	9.0	9.0	9.0
69	9.0	9.0	9.0	9.0	9.0	9.0
70	9.0	9.0	9.0	9.0	9.0	9.0
71	9.0	9.0	9.0	9.0	9.0	9.0
72	9.0	9.0	9.0	9.0	9.0	9.0
73	9.0	9.0	9.0	9.0	9.0	9.0
74	9.0	9.0	9.0	9.0	9.0	9.0
75	9.0	9.0	9.0	9.0	9.0	9.0
>>END_MODULE
>>Per sequence quality scores	fail
#Quality	Count
9	1.1607291E7
>>END_MODULE
>>Per base sequence content	pass
#Base	G	A	T	C
1	25.954807198337665	24.043112212832433	23.99862293449867	26.00345765433123
2	25.863200982899453	23.71017492367513	24.385069694556638	26.041554398868783
3	25.826275915715392	23.77409164636262	24.507768436235466	25.89186400168653
4	25.726097501992495	23.885556069887453	24.575536186695068	25.812810241424984
5	25.770716009446133	23.646292662086267	24.639694137072983	25.943297191394617
6	25.80385035578069	23.582496553243992	24.763659324126532	25.849993766848783
7	25.763884096642357	23.69004102679945	24.550474352715028	25.99560052384316
8	25.79114282566018	23.820493515670453	24.346257882222474	26.04210577644689
9	25.84348061920736	23.914253549773157	24.382286960842112	25.859978870177375
10	25.84194710031824	23.902200780526652	24.10453912114377	26.151312998011335
11	25.879414929805755	23.75404390223352	24.26396477868953	26.102576389271192
12	25.985563728866623	23.937282178933913	24.19534411603879	25.881809976160675
13	25.971202066011784	23.707082040072915	24.424027966559983	25.897687927355317
14	25.847064573465072	23.79553506498631	24.38322602577983	25.974174335768787
15	25.86348528696317	23.763107171173704	24.465562205686066	25.907845336177065
16	25.79272803619725	23.833511195678646	24.32714058775644	26.04662018036767
17	25.906173972893416	23.752475922245768	24.3149930504887	26.026357054372117
18	25.87254855590335	23.90991145134554	24.349316304726052	25.868223688025054
19	25.87175595063482	23.789831753162733	24.577681390084905	25.76073090611754
20	25.84128372416958	23.83927481442483	24.37252585465463	25.946915606750963
21	25.830480169748483	23.796784279811714	24.342355162802416	26.030380387637393
22	25.84255878481895	23.707383574685945	24.394382806461902	26.055674834033194
23	25.847943331480188	23.782086621245217	24.361429380895164	26.00854066637943
24	25.964249539362804	23.873563607563554	24.29846895369471	25.863717899378933
25	25.924627891210793	23.860287469315622	24.23813618526493	25.976948454208653
26	25.94082460756778	23.829625706807903	24.35402024468931	25.875529440935015
27	26.049911215287015	23.69970736496569	24.282375620633616	25.96800579911368
28	26.01292584118034	23.868187676176984	23.992239015977113	26.126647466665563
29	26.059301864664203	23.878577697414496	24.17418500147881	25.88793543644249
30	26.038590744386436	23.732023260207743	24.195163195270972	26.03422280013485
31	26.066469773179634	23.691712390083094	24.18361872722929	26.058199109507978
32	25.97932627001425	23.81706463635658	24.26555860450126	25.93805048912791
33	26.074395825864965	23.917217204255497	24.014311349650836	25.994075620228703
34	26.016957789720273	23.963231386203724	24.13325383157879	25.886556992497216
35	25.930546584900817	23.942339345158143	24.183179348221735	25.9439347217193
36	25.889382802585033	24.036487066620456	24.111422725595492	25.962707405199026
37	26.129361278182824	23.70316209010354	24.147830876300077	26.019645755413556
38	25.948337127069525	24.04831583872585	23.96885716055538	26.034489873649242
39	25.99355870374922	23.99665865187665	24.047454311260054	25.962328333114076
40	26.057561579183293	23.9062499596159	24.078968985958912	25.9572194752419
41	26.046060187514897	23.862062215895165	23.957571150753438	26.134306445836504
42	26.018103621249782	24.0090301862855	24.0334027982929	25.93946339417182
43	26.019111608384765	24.001405668213195	23.95656316361845	26.022919559783585
44	25.960889582246192	24.02452906539519	24.005317002907915	26.0092643494507
45	25.966403358027296	24.06738144154394	23.974870622266643	25.991344578162124
46	25.985003736013855	24.05689665228519	23.978015197516804	25.98008441418415
47	26.117127588168504	24.030421913261243	24.035677230802605	25.816773267767644
48	25.913479725803377	24.051219186285586	24.02127249157448	26.014028596336562
49	25.96463722672241	23.908153935315312	23.8980912945148	26.22911754344748
50	25.906311817287946	23.950256782568818	23.970718059881502	26.172713340261737
51	26.107064947368	24.04250052833172	23.892956590818653	25.957477933481638
52	26.126569929193643	23.936248345974956	23.9300281176719	26.0071536071595
53	25.97453617730442	23.903544763373297	24.00667821630387	26.115240843018412
54	26.02266971681851	24.072481684141458	23.909963142993483	25.99488545604655
55	26.076618566726722	24.07109462492153	23.807941060493786	26.04434574785796
56	26.040744563050932	23.979660714976475	23.911686197925082	26.067908524047517
57	26.147970271444045	24.093184189144566	23.838706206297402	25.92013933311399
58	25.936034514857948	24.00715205641006	23.954719494841648	26.102093933890348
59	25.999623857108432	24.053217930006234	23.80279774152298	26.144360471362354
60	25.881715208139433	23.93959107254225	23.895989167498254	26.282704551820057
61	26.190762340670187	24.09758659449479	23.81728863349769	25.894362431337335
62	25.98697663391053	24.025450899783593	23.797335657389826	26.19023680891605
63	25.976121387841488	24.036237223655373	23.950118938174292	26.037522450328847
64	25.992998710896455	24.07758192673898	23.877966012913777	26.05145334945079
65	26.1119842691977	24.049901049262914	23.761875186897615	26.076239494641772
66	26.068304826681782	23.971682970643194	23.87910322916863	26.080908973506396
67	26.13070526102947	24.06869957856661	23.74844397370584	26.052151186698087
68	26.114810079285512	23.982658830557448	23.88026629124746	26.022264798909582
69	26.12920620323898	23.958294833824706	23.833933344136888	26.078565618799427
70	26.173885017615223	23.94085751791697	23.909041308605083	25.976216155862726
71	26.18871190530159	24.09060822202183	23.718393895698835	26.002285976977745
72	26.112449494029228	24.02928469700639	23.827601117263278	26.030664691701105
73	26.238189427662324	23.938092014751764	23.681675595106558	26.142042962479362
74	26.22157056284709	24.107511390900772	23.652211355776295	26.01870669047584
75	26.152165910202473	24.04398235557289	23.710183538949785	26.093668195274848
>>END_MODULE
>>Per base GC content	pass
#Base	%GC
1	51.958264852668904
2	51.90475538176823
3	51.71813991740192
4	51.538907743417475
5	51.714013200840746
6	51.65384412262948
7	51.759484620485516
8	51.833248602107076
9	51.70345948938473
10	51.99326009832957
11	51.98199131907695
12	51.8673737050273
13	51.8688899933671
14	51.821238909233855
15	51.77133062314023
16	51.839348216564915
17	51.93253102726554
18	51.740772243928404
19	51.632486856752365
20	51.788199330920534
21	51.86086055738587
22	51.89823361885215
23	51.85648399785963
24	51.82796743874174
25	51.90157634541944
26	51.81635404850279
27	52.017917014400695
28	52.13957330784591
29	51.947237301106696
30	52.07281354452128
31	52.12466888268762
32	51.917376759142165
33	52.06847144609367
34	51.903514782217485
35	51.874481306620126
36	51.85209020778405
37	52.149007033596384
38	51.98282700071877
39	51.95588703686329
40	52.014781054425185
41	52.180366633351404
42	51.9575670154216
43	52.04203116816836
44	51.97015393169689
45	51.95774793618941
46	51.965088150198014
47	51.93390085593615
48	51.927508322139936
49	52.19375477016989
50	52.07902515754969
51	52.06454288084963
52	52.13372353635314
53	52.08977702032283
54	52.01755517286506
55	52.12096431458468
56	52.108653087098446
57	52.06810960455803
58	52.03812844874829
59	52.14398432847078
60	52.16441975995949
61	52.08512477200753
62	52.177213442826584
63	52.01364383817033
64	52.04445206034725
65	52.18822376383947
66	52.14921380018818
67	52.18285644772755
68	52.13707487819509
69	52.20777182203841
70	52.15010117347795
71	52.19099788227933
72	52.14311418573033
73	52.38023239014168
74	52.24027725332293
75	52.24583410547733
>>END_MODULE
>>Per sequence GC content	fail
#GC Content	Count
0	4.0
1	8.0
2	9.5
3	19.0
4	31.0
5	42.5
6	90.0
7	171.0
8	216.0
9	260.0
10	490.0
11	913.0
12	1150.0
13	1495.0
14	3843.5
15	5774.5
16	5702.0
17	7187.0
18	10654.5
19	16071.5
20	19506.0
21	22674.0
22	33889.5
23	47766.5
24	53596.0
25	54807.5
26	62805.0
27	82173.5
28	94756.0
29	96863.0
30	107367.0
31	122269.5
32	128775.0
33	128529.5
34	133980.5
35	144312.5
36	148948.0
37	156358.5
38	170118.5
39	185141.5
40	193815.0
41	207475.5
42	231758.0
43	262274.5
44	282169.0
45	302044.5
46	347490.5
47	399358.0
48	425655.0
49	451420.0
50	509532.5
51	572378.5
52	602877.0
53	629667.5
54	684793.5
55	722667.0
56	732205.0
57	734652.0
58	721339.0
59	677486.0
60	649393.0
61	609085.5
62	517733.5
63	418387.5
64	370086.0
65	329257.0
66	242275.5
67	164327.0
68	132531.0
69	109650.5
70	70654.0
71	42101.5
72	29665.0
73	22714.0
74	12283.0
75	7435.5
76	6068.0
77	5054.5
78	3348.0
79	1779.5
80	904.0
81	575.5
82	158.0
83	40.0
84	11.0
85	5.5
86	0.0
87	0.5
88	1.0
89	0.5
90	0.0
91	0.0
92	0.0
93	0.0
94	0.0
95	0.0
96	0.0
97	0.0
98	0.0
99	0.0
100	0.0
>>END_MODULE
>>Per base N content	pass
#Base	N-Count
1	0.0
2	0.0
3	0.0
4	0.0
5	0.0
6	0.0
7	0.0
8	0.0
9	0.0
10	0.0
11	0.0
12	0.0
13	0.0
14	0.0
15	0.0
16	0.0
17	0.0
18	0.0
19	0.0
20	0.0
21	0.0
22	0.0
23	0.0
24	0.0
25	0.0
26	0.0
27	0.0
28	0.0
29	0.0
30	0.0
31	0.0
32	0.0
33	0.0
34	0.0
35	0.0
36	0.0
37	0.0
38	0.0
39	0.0
40	0.0
41	0.0
42	0.0
43	0.0
44	0.0
45	0.0
46	0.0
47	0.0
48	0.0
49	0.0
50	0.0
51	0.0
52	0.0
53	0.0
54	0.0
55	0.0
56	0.0
57	0.0
58	0.0
59	0.0
60	0.0
61	0.0
62	0.0
63	0.0
64	0.0
65	0.0
66	0.0
67	0.0
68	0.0
69	0.0
70	0.0
71	0.0
72	0.0
73	0.0
74	0.0
75	0.0
>>END_MODULE
>>Sequence Length Distribution	pass
#Length	Count
75	1.1607291E7
>>END_MODULE
>>Sequence Duplication Levels	fail
#Total Duplicate Percentage	50.46446810910087
#Duplication Level	Relative count
1	100.0
2	19.685044491856168
3	5.815814122912005
4	2.121819222563355
5	0.8046261122964042
6	0.2686423479211115
7	0.10602591455482126
8	0.04943539574335224
9	0.0351251496071187
10++	1.2066139355778738
>>END_MODULE
>>Overrepresented sequences	pass
>>END_MODULE
>>Kmer Content	pass
>>END_MODULE
